    1    2    6
  12.011
    1    1  0.0100  0.0000  0.0000
  0.743907   0.000840  -0.000000
 -0.743907  -0.000840   0.000000
    1    2  0.0000  0.0100  0.0000
  0.000816   0.743687   0.000000
 -0.000816  -0.743687  -0.000000
    1    3  0.0000  0.0000  0.0100
  0.000065  -0.000038  -0.164113
 -0.000065   0.000038   0.164113
    2    1  0.0100  0.0000  0.0000
 -0.746875   0.000006   0.000000
  0.746875  -0.000006   0.000000
    2    2  0.0000  0.0100  0.0000
 -0.002557  -0.745138   0.000000
  0.002557   0.745138   0.000000
    2    3  0.0000  0.0000  0.0100
  0.001195  -0.000690   0.164067
 -0.001195   0.000690  -0.164067
