1.0 -19.999999301 1.11828845503e-05
1.125 -19.9999953992 6.54262013932e-05
1.25 -19.9999751788 0.000317627991186
1.375 -19.9998860159 0.00132561049742
1.5 -19.9995418939 0.00488089694727
1.625 -19.9983546121 0.0161654416926
1.75 -19.9946336185 0.0488680589114
1.875 -19.9839117155 0.136313904984
2.0 -19.9552552798 0.353568860613
2.125 -19.8838014793 0.856667552197
2.25 -19.7171584608 1.94087989412
2.375 -19.3541828655 4.09720805544
2.5 -18.6207816691 7.98026372718
2.625 -17.2653247337 14.0823690056
2.75 -15.0263644184 21.882139151
2.875 -11.8288268501 28.7957447338
3.0 -8.04143668045 30.6339604612
3.125 -4.48534623527 25.1177012126
3.25 -1.94960670896 15.2052232428
3.375 -0.627059109404 6.53826850248
3.5 -0.140773136934 1.91074524029
3.625 -0.0204867874894 0.356288511462
3.75 -0.00175776757898 0.0387705454217
3.875 -7.90927770454e-05 0.00219469295531
4.0 -1.62280337767e-06 5.62369111069e-05
4.125 -1.28784216228e-08 5.53561577714e-07
4.25 -3.26098948867e-11 1.72745816428e-09
4.375 -2.10614028283e-14 1.36668782422e-12
4.5 -2.67698386487e-18 2.11577255387e-16
4.625 -4.96491663351e-23 4.75367787606e-21
4.75 -9.52864620347e-29 1.09956801548e-26
4.875 -1.27693362439e-35 1.76736517168e-33
5.0 -7.6292215971e-44 1.26068297816e-41
5.125 -1.22036314704e-53 2.39707598741e-51
5.25 -2.93255100137e-65 6.81861746971e-63
5.375 -5.51151949372e-79 1.5109714454e-76
5.5 -3.88391262152e-95 1.25067338052e-92
5.625 -4.49356780516e-114 1.69349771858e-111
5.75 -3.38414118161e-136 1.48750698874e-133
5.875 -5.90007207096e-162 3.01472736031e-159
6.0 -7.52149334523e-192 4.45346924408e-189
