1.0 -19.9953736162 0.0046259359936
1.125 -19.988131495 0.0105471621113
1.25 -19.9724378414 0.0220370038673
1.375 -19.9409570435 0.0428872064098
1.5 -19.8817132824 0.0786620193768
1.625 -19.7760943447 0.137138534082
1.75 -19.5964617254 0.228623891961
1.875 -19.3036056337 0.365889516314
2.0 -18.8446463743 0.563239478177
2.125 -18.1526211804 0.833905449129
2.25 -17.1499850002 1.18460845657
2.375 -15.7594849817 1.60609271457
2.5 -13.9266084258 2.05969055527
2.625 -11.6559014619 2.46436757213
2.75 -9.05490241623 2.69756554166
2.875 -6.36141251637 2.63127760709
3.0 -3.91184688111 2.21202297691
3.125 -2.02349921701 1.53946157254
3.25 -0.839621562523 0.846228077107
3.375 -0.264079875535 0.347747027891
3.5 -0.0588164296306 0.100018342464
3.625 -0.00854298107746 0.0185776466219
3.75 -0.00073276727404 0.00202036030023
3.875 -3.29708167522e-05 0.000114360808398
4.0 -6.76485111227e-07 2.93037919614e-06
4.125 -5.36852484908e-09 2.88448496747e-08
4.25 -1.3593826644e-11 9.0013962409e-11
4.375 -8.77969892029e-15 7.12150308341e-14
4.5 -1.11593290055e-18 1.10248152498e-17
4.625 -2.06968517538e-23 2.4770347004e-22
4.75 -3.97213070118e-29 5.72960179633e-28
4.875 -5.3230512966e-36 9.20934268722e-35
5.0 -3.18033272354e-44 6.56913565565e-43
5.125 -5.08723046218e-54 1.24906242179e-52
5.25 -1.22246913324e-65 3.5530283123e-64
5.375 -2.29754314765e-79 7.87333260508e-78
5.5 -1.61905565966e-95 6.51697789202e-94
5.625 -1.87319775082e-114 8.82443599111e-113
5.75 -1.41071992784e-136 7.75106459515e-135
5.875 -2.45951595975e-162 1.57090667025e-160
6.0 -3.13542490689e-192 2.32060272958e-190
