 -0.13534757
  0.06875332
  0.06875086
 -0.13520030
  0.06895885
  0.06897605
 -0.13533852
  0.06952800
  0.06950067
 -0.13456625
  0.07031363
  0.07029506
 -0.13392911
  0.06961649
  0.06960667
 -0.13501987
  0.07413604
  0.07412510
 -0.13537202
  0.07248032
  0.07248352
 -0.13395056
  0.08253845
  0.08252243
 -0.15996804
  0.08442676
  0.08440205
 -0.06341131
  0.09661109
  0.09661180
 -0.06341633
  0.09660758
  0.09661881
 -0.15996811
  0.08442606
  0.08440550
 -0.13393800
  0.08252586
  0.08252823
 -0.13534736
  0.07247477
  0.07247968
 -0.13501931
  0.07414328
  0.07413997
 -0.13394554
  0.06963275
  0.06960767
 -0.13457019
  0.07030288
  0.07027913
 -0.13535270
  0.06951372
  0.06947776
 -0.13518546
  0.06897597
  0.06896128
 -0.13531627
  0.06876297
  0.06876382
  0.19228127
 -0.16245616
  0.11490243
  0.11498339
  0.11490284
 -0.16242218
  0.11485215
  0.11496227
  0.11487292
 -0.13563686
  0.06858917
  0.06857145
 -0.13530536
  0.06809130
  0.06806939
 -0.13567734
  0.06812773
  0.06812265
 -0.13520400
  0.06946113
  0.06943327
 -0.12289857
  0.06936514
  0.06937944
 -0.26521459
  0.08405654
  0.08361558
  0.08405522
 -0.13565462
  0.06857356
  0.06855637
 -0.13527591
  0.06808996
  0.06809395
 -0.13563688
  0.06811544
  0.06813214
 -0.13521043
  0.06945408
  0.06946534
 -0.12291750
  0.06936542
  0.06936156
 -0.26520384
  0.08405890
  0.08360981
  0.08404043
