  0.254800
  0.237000
  0.125600
  0.126000
  0.320800
  0.232400
  0.132800
  0.000000
  0.130400
  0.246400
  0.326800
  0.235400
  0.000000
  0.126400
  0.161400
  0.238800
  0.000000
  0.000000
  0.327000
  0.259000
  0.127200
  0.131200
  0.329200
  0.122000
  0.260200
  0.129600
  0.229200
  0.136200
  0.331600
  0.126400
  0.244200
  0.000000
  0.126800
  0.124800
  0.129000
  0.230400
  0.126000
  0.000000
  0.000000
  0.000000
  0.000000
  0.000000
  0.000000
  0.000000
  0.125200
  0.126200
  0.122400
  0.000000
  0.244400
  0.318000
  0.133800
  0.000000
  0.243200
  0.000000
  0.000000
  0.000000
  0.000000
  0.000000
  0.000000
  0.000000
  0.000000
  0.000000
  0.128600
  0.000000
  0.000000
  0.335200
  0.245400
  0.126400
  0.132000
  0.128400
  0.000000
  0.123800
  0.000000
  0.131600
  0.000000
  0.000000
  0.127800
  0.129000
  0.125200
  0.250800
  0.318600
  0.234800
  0.252000
  0.325400
  0.000000
  0.233600
  0.132800
  0.156800
  0.000000
  0.240600
  0.000000
  0.333000
  0.251800
  0.124200
  0.328200
  0.000000
  0.129800
  0.233400
  0.000000
  0.000000
  0.000000
  0.000000
  0.000000
  0.000000
  0.000000
  0.000000
  0.000000
  0.000000
  0.123800
  0.000000
  0.313000
  0.245200
  0.162800
  0.000000
  0.000000
  0.242000
  0.000000
  0.000000
  0.000000
  0.000000
  0.000000
  0.000000
  0.000000
  0.000000
  0.000000
  0.000000
  0.000000
  0.000000
  0.158200
  0.232400
  0.328800
  0.259000
  0.116400
  0.000000
  0.000000
  0.000000
  0.126400
  0.000000
  0.000000
  0.000000
  0.000000
  0.000000
  0.254600
  0.129600
  0.126800
  0.327200
  0.328600
  0.244400
  0.149400
  0.242200
  0.322000
  0.129000
  0.331200
  0.120000
  0.249200
  0.121000
  0.125200
  0.000000
  0.121800
  0.126200
  0.000000
  0.000000
  0.134000
  0.000000
  0.124200
  0.121400
  0.138400
  0.341000
  0.116200
  0.258600
  0.000000
  0.000000
  0.000000
  0.117800
  0.000000
  0.000000
  0.000000
  0.000000
  0.000000
  0.121000
  0.253000
  0.137200
  0.328400
  0.129000
  0.127600
  0.132200
  0.000000
  0.128600
  0.130800
  0.237400
  0.125200
  0.317400
  0.233800
  0.330800
  0.254200
  0.334200
  0.243000
  0.150200
  0.235600
  0.340600
  0.321200
