step: 0
  atom         eun       total
    36      0.0000     73.0015
    95      0.0000    125.0985
    98      0.0000    198.0999
    50      0.0000    250.1969
    53      0.0000    323.1984
   113      0.0000    417.8675
   116      0.0000    490.8689
   131      0.0000    542.9659
   168      0.0000    595.0629
    27      0.0000    668.0644
    29      0.0000    720.1614
    84      0.0000    772.2583
    86      0.0000    845.2598
    88      0.0000    939.9289
   153      0.0000    992.0259
     2      0.0000   1065.0273
     5      0.0000   1117.1243
     1      0.0000   1189.3627
     3      0.0000   1302.6470
     4      0.0000   1415.9312
     8      0.0000   1591.1659
    26      0.0000   1704.4501
    28      0.0000   1817.7344
    32      0.0000   1992.9690
    34      0.0000   2106.2533
    35      0.0000   2219.5375
    37      0.0000   2332.8218
    38      0.0000   2508.8195
    39      0.0000   2684.8173
    40      0.0000   2860.8150
    41      0.0000   3036.8128
    44      0.0000   3212.8105
    83      0.0000   3285.0489
    85      0.0000   3460.2835
    87      0.0000   3573.5678
    91      0.0000   3748.8024
    96      0.0000   3924.0371
    97      0.0000   4037.3213
    99      0.0000   4213.3191
   100      0.0000   4389.3168
   101      0.0000   4565.3145
   102      0.0000   4741.3123
   103      0.0000   4917.3100
   106      0.0000   5093.3078
   152      0.0000   5206.5920
   155      0.0000   5278.8304
   156      0.0000   5392.1147
   157      0.0000   5505.3989
   158      0.0000   5681.3967
   159      0.0000   5794.6809
   160      0.0000   5907.9652
   161      0.0000   6083.9629
   164      0.0000   6259.1975
   193      0.0000   6332.1990
   194      0.0000   6384.2960
    11      0.0000   6436.3930
    12      0.0000   6509.3945
    15      0.0000   6604.0635
    23      0.0000   6656.1605
    10      0.0000   6728.3989
    13      0.0000   6903.6335
    14      0.0000   7016.9178
    18      0.0000   7192.1524
    22      0.0000   7305.4367
    25      0.0000   7377.6751
    51      0.0000   7490.9593
    52      0.0000   7666.1940
    54      0.0000   7842.1917
    55      0.0000   8018.1894
    56      0.0000   8194.1872
    57      0.0000   8370.1849
    58      0.0000   8546.1827
    61      0.0000   8722.1804
    68      0.0000   8835.4647
    69      0.0000   8948.7489
    70      0.0000   9062.0332
    71      0.0000   9238.0309
    72      0.0000   9351.3152
    73      0.0000   9527.3129
    76      0.0000   9702.5476
   114      0.0000   9877.7822
   115      0.0000  10053.0168
   117      0.0000  10229.0146
   118      0.0000  10405.0123
   119      0.0000  10581.0101
   120      0.0000  10757.0078
   121      0.0000  10933.0055
   124      0.0000  11109.0033
   132      0.0000  11181.2417
   133      0.0000  11294.5259
   134      0.0000  11470.5237
   135      0.0000  11645.7583
   136      0.0000  11821.7560
   137      0.0000  11935.0403
   138      0.0000  12111.0380
   141      0.0000  12286.2727
   169      0.0000  12399.5569
   170      0.0000  12471.7953
   171      0.0000  12647.7931
   172      0.0000  12823.7908
   173      0.0000  12999.0254
   174      0.0000  13112.3097
   175      0.0000  13288.3074
   178      0.0000  13463.5421
   184      0.0000  13576.8263
   185      0.0000  13690.1106
   186      0.0000  13803.3948
   187      0.0000  13979.3926
   190      0.0000  14051.6310
   196      0.0000  14103.7279
   197      0.0000  14176.7294
   198      0.0000  14271.3985
   201      0.0000  14323.4955
    80      0.0000  14396.4970
    81      0.0000  14448.5939
   147      0.0000  14500.6909
   148      0.0000  14573.6924
   149      0.0000  14668.3615
   192      0.0000  14720.4584
    31      0.0000  14793.4599
    90      0.0000  14866.4614
    92      0.0000  14918.5584
     6      0.0000  14991.5599
     7      0.0000  15104.8441
     9      0.0000  15218.1284
    30      0.0000  15331.4126
    33      0.0000  15444.6969
    42      0.0000  15620.6946
    43      0.0000  15796.6924
    45      0.0000  15909.9766
    46      0.0000  16023.2609
    47      0.0000  16136.5452
    48      0.0000  16312.5429
    89      0.0000  16487.7775
    93      0.0000  16560.0159
    94      0.0000  16673.3002
   104      0.0000  16849.2979
   105      0.0000  17025.2956
   107      0.0000  17201.2934
   108      0.0000  17376.5280
   109      0.0000  17489.8123
   110      0.0000  17665.8100
   154      0.0000  17779.0943
   162      0.0000  17955.0920
   163      0.0000  18068.3763
   165      0.0000  18181.6605
   166      0.0000  18294.9448
   167      0.0000  18408.2291
   195      0.0000  18481.2305
    16      0.0000  18554.2320
    19      0.0000  18606.3290
    17      0.0000  18781.5636
    20      0.0000  18853.8020
    21      0.0000  18967.0863
    24      0.0000  19080.3705
    59      0.0000  19256.3683
    60      0.0000  19432.3660
    62      0.0000  19608.3638
    63      0.0000  19721.6480
    64      0.0000  19896.8827
    65      0.0000  20072.8804
    74      0.0000  20186.1647
    75      0.0000  20362.1624
    77      0.0000  20475.4467
    78      0.0000  20588.7309
    79      0.0000  20702.0152
   122      0.0000  20878.0129
   123      0.0000  21054.0107
   125      0.0000  21230.0084
   126      0.0000  21405.2430
   127      0.0000  21580.4777
   128      0.0000  21756.4754
   139      0.0000  21931.7101
   140      0.0000  22107.7078
   142      0.0000  22283.7055
   143      0.0000  22355.9439
   144      0.0000  22469.2282
   145      0.0000  22582.5124
   176      0.0000  22758.5102
   177      0.0000  22933.7448
   179      0.0000  23109.7425
   180      0.0000  23223.0268
   181      0.0000  23295.2652
   182      0.0000  23408.5494
   188      0.0000  23521.8337
   189      0.0000  23635.1180
   191      0.0000  23748.4022
   199      0.0000  23821.4037
   200      0.0000  23873.5007
    82      0.0000  23946.5022
   150      0.0000  24019.5036
   151      0.0000  24071.6006
    49      0.0000  24144.6021
   111      0.0000  24196.6991
   112      0.0000  24269.7005
    66      0.0000  24321.7975
    67      0.0000  24394.7990
   129      0.0000  24489.4681
   130      0.0000  24562.4695
   146      0.0000  24614.5665
   183      0.0000  24666.6635
