step: 0
 atom1 atom2          bo       ebond       total
    36    95      0.5732    -60.1645    -60.1645
    36    98      0.0217     -1.8697    -62.0341
    36    50      0.5732    -60.1645   -122.1986
    36    53      0.0217     -1.8697   -124.0683
    36   113      0.5732    -60.1645   -184.2328
    36    40      0.0217     -1.8697   -186.1024
    36    96      0.5732    -60.1645   -246.2669
    36    52      0.5732    -60.1645   -306.4314
    95    98      0.5732    -60.1645   -366.5959
    95   113      0.0217     -1.8697   -368.4656
    95    96      0.5732    -60.1645   -428.6301
    95    97      0.5732    -60.1645   -488.7946
    95    99      0.0217     -1.8697   -490.6642
    98   113      0.5732    -60.1645   -550.8287
    98   116      0.0217     -1.8697   -552.6984
    98   168      0.5732    -60.1645   -612.8629
    98   102      0.0217     -1.8697   -614.7325
    98   156      0.5732    -60.1645   -674.8970
    98   115      0.5732    -60.1645   -735.0615
    50    53      0.5732    -60.1645   -795.2260
    50   113      0.0217     -1.8697   -797.0957
    50    51      0.5732    -60.1645   -857.2601
    50    52      0.5732    -60.1645   -917.4246
    50    54      0.0217     -1.8697   -919.2943
    53   113      0.5732    -60.1645   -979.4588
    53   116      0.0217     -1.8697   -981.3284
    53   131      0.5732    -60.1645  -1041.4929
    53    57      0.0217     -1.8697  -1043.3626
    53    68      0.5732    -60.1645  -1103.5271
    53   114      0.5732    -60.1645  -1163.6916
   113   116      0.5732    -60.1645  -1223.8561
   113   131      0.0217     -1.8697  -1225.7257
   113   168      0.0217     -1.8697  -1227.5954
   113   114      0.5732    -60.1645  -1287.7599
   113   115      0.5732    -60.1645  -1347.9244
   113   117      0.0217     -1.8697  -1349.7940
   116   131      0.5732    -60.1645  -1409.9585
   116   168      0.5732    -60.1645  -1470.1230
   116   120      0.0217     -1.8697  -1471.9927
   116   133      0.5732    -60.1645  -1532.1572
   116   169      0.5732    -60.1645  -1592.3217
   131   132      0.5732    -60.1645  -1652.4861
   131   133      0.5732    -60.1645  -1712.6506
   131   134      0.0217     -1.8697  -1714.5203
   168   169      0.5732    -60.1645  -1774.6848
   168   170      0.5732    -60.1645  -1834.8493
   168   171      0.0217     -1.8697  -1836.7189
    27    29      0.5732    -60.1645  -1896.8834
    27    84      0.5732    -60.1645  -1957.0479
    27    86      0.0217     -1.8697  -1958.9176
    27    88      0.5732    -60.1645  -2019.0821
    27    28      0.5732    -60.1645  -2079.2466
    27    32      0.5732    -60.1645  -2139.4110
    27    39      0.0217     -1.8697  -2141.2807
    27    85      0.5732    -60.1645  -2201.4452
    27    31      0.0217     -1.8697  -2203.3149
    29    88      0.0217     -1.8697  -2205.1845
    29    32      0.5732    -60.1645  -2265.3490
    29    41      0.0217     -1.8697  -2267.2187
    29    31      0.5732    -60.1645  -2327.3832
    29    30      0.5732    -60.1645  -2387.5476
    84    86      0.5732    -60.1645  -2447.7121
    84    88      0.0217     -1.8697  -2449.5818
    84    85      0.5732    -60.1645  -2509.7463
    84    87      0.5732    -60.1645  -2569.9108
    84    99      0.0217     -1.8697  -2571.7804
    86    88      0.5732    -60.1645  -2631.9449
    86   153      0.5732    -60.1645  -2692.1094
    86    87      0.5732    -60.1645  -2752.2739
    86    91      0.5732    -60.1645  -2812.4384
    86   101      0.0217     -1.8697  -2814.3081
    86   152      0.5732    -60.1645  -2874.4726
    86    90      0.0217     -1.8697  -2876.3422
    88   153      0.0217     -1.8697  -2878.2119
    88    91      0.5732    -60.1645  -2938.3764
    88   103      0.0217     -1.8697  -2940.2460
    88    90      0.5732    -60.1645  -3000.4105
    88    92      0.0217     -1.8697  -3002.2802
    88    89      0.5732    -60.1645  -3062.4447
   153   155      0.5732    -60.1645  -3122.6092
   153   161      0.0217     -1.8697  -3124.4788
   153   154      0.5732    -60.1645  -3184.6433
     2     5      0.5732    -60.1645  -3244.8078
     2     3      0.5732    -60.1645  -3304.9723
     2     4      0.5732    -60.1645  -3365.1368
     2     8      0.5732    -60.1645  -3425.3013
     2    38      0.0217     -1.8697  -3427.1709
     2    11      0.5732    -60.1645  -3487.3354
     2    12      0.0217     -1.8697  -3489.2051
     2    15      0.5732    -60.1645  -3549.3696
     2    13      0.5732    -60.1645  -3609.5341
     2     6      0.0217     -1.8697  -3611.4037
     5     8      0.5732    -60.1645  -3671.5682
     5    41      0.0217     -1.8697  -3673.4379
     5    15      0.0217     -1.8697  -3675.3075
     5     6      0.5732    -60.1645  -3735.4720
     5     7      0.5732    -60.1645  -3795.6365
     1    29      0.5732    -60.1645  -3855.8010
     1     5      0.5732    -60.1645  -3915.9655
     1     3      0.5732    -60.1645  -3976.1300
     1     8      0.0217     -1.8697  -3977.9996
     1    26      0.5732    -60.1645  -4038.1641
     1    32      0.0217     -1.8697  -4040.0338
     1    41      0.5732    -60.1645  -4100.1983
     1     7      0.5732    -60.1645  -4160.3628
     1    30      0.5732    -60.1645  -4220.5273
     3     5      0.5732    -60.1645  -4280.6918
     3     4      0.5732    -60.1645  -4340.8562
     3     8      0.5732    -60.1645  -4401.0207
     3    26      0.5732    -60.1645  -4461.1852
     3    37      0.5732    -60.1645  -4521.3497
     3    38      0.5732    -60.1645  -4581.5142
     3    39      0.0217     -1.8697  -4583.3839
     3    41      0.5732    -60.1645  -4643.5484
     3    13      0.0217     -1.8697  -4645.4180
     3     7      0.0217     -1.8697  -4647.2877
     4     8      0.0217     -1.8697  -4649.1573
     4    34      0.5732    -60.1645  -4709.3218
     4    37      0.5732    -60.1645  -4769.4863
     4    38      0.5732    -60.1645  -4829.6508
     4    40      0.0217     -1.8697  -4831.5205
     4    11      0.5732    -60.1645  -4891.6850
     4    10      0.5732    -60.1645  -4951.8495
     4    13      0.5732    -60.1645  -5012.0139
     4    14      0.0217     -1.8697  -5013.8836
     4    54      0.5732    -60.1645  -5074.0481
     8    38      0.5732    -60.1645  -5134.2126
     8    41      0.5732    -60.1645  -5194.3771
     8    44      0.0217     -1.8697  -5196.2467
     8    15      0.5732    -60.1645  -5256.4112
     8    13      0.5732    -60.1645  -5316.5757
     8    18      0.0217     -1.8697  -5318.4454
     8    58      0.5732    -60.1645  -5378.6099
     8     9      0.0217     -1.8697  -5380.4795
     8    42      0.5732    -60.1645  -5440.6440
     8    17      0.5732    -60.1645  -5500.8085
    26    27      0.5732    -60.1645  -5560.9730
    26    29      0.5732    -60.1645  -5621.1375
    26    28      0.5732    -60.1645  -5681.3020
    26    32      0.5732    -60.1645  -5741.4665
    26    37      0.5732    -60.1645  -5801.6310
    26    38      0.0217     -1.8697  -5803.5006
    26    39      0.5732    -60.1645  -5863.6651
    26    41      0.5732    -60.1645  -5923.8296
    26    85      0.0217     -1.8697  -5925.6993
    26    30      0.0217     -1.8697  -5927.5689
    28    84      0.5732    -60.1645  -5987.7334
    28    32      0.0217     -1.8697  -5989.6031
    28    35      0.5732    -60.1645  -6049.7676
    28    37      0.5732    -60.1645  -6109.9321
    28    39      0.5732    -60.1645  -6170.0965
    28    40      0.0217     -1.8697  -6171.9662
    28    83      0.5732    -60.1645  -6232.1307
    28    85      0.5732    -60.1645  -6292.2952
    28    87      0.0217     -1.8697  -6294.1648
    28    99      0.5732    -60.1645  -6354.3293
    32    88      0.5732    -60.1645  -6414.4938
    32    39      0.5732    -60.1645  -6474.6583
    32    41      0.5732    -60.1645  -6534.8228
    32    44      0.0217     -1.8697  -6536.6925
    32    85      0.5732    -60.1645  -6596.8570
    32    91      0.0217     -1.8697  -6598.7266
    32   103      0.5732    -60.1645  -6658.8911
    32    33      0.0217     -1.8697  -6660.7608
    32    43      0.5732    -60.1645  -6720.9253
    32    89      0.5732    -60.1645  -6781.0898
    34    36      0.5732    -60.1645  -6841.2542
    34    50      0.5732    -60.1645  -6901.4187
    34    35      0.5732    -60.1645  -6961.5832
    34    37      0.5732    -60.1645  -7021.7477
    34    38      0.0217     -1.8697  -7023.6174
    34    40      0.5732    -60.1645  -7083.7819
    34    96      0.0217     -1.8697  -7085.6515
    34    51      0.0217     -1.8697  -7087.5212
    34    52      0.5732    -60.1645  -7147.6857
    34    54      0.5732    -60.1645  -7207.8502
    35    36      0.5732    -60.1645  -7268.0147
    35    95      0.5732    -60.1645  -7328.1792
    35    37      0.5732    -60.1645  -7388.3436
    35    39      0.0217     -1.8697  -7390.2133
    35    40      0.5732    -60.1645  -7450.3778
    35    83      0.5732    -60.1645  -7510.5423
    35    96      0.5732    -60.1645  -7570.7068
    35    97      0.0217     -1.8697  -7572.5764
    35    99      0.5732    -60.1645  -7632.7409
    35    52      0.0217     -1.8697  -7634.6106
    37    38      0.5732    -60.1645  -7694.7751
    37    39      0.5732    -60.1645  -7754.9396
    37    40      0.5732    -60.1645  -7815.1041
    37    41      0.0217     -1.8697  -7816.9737
    37    99      0.0217     -1.8697  -7818.8434
    37    54      0.0217     -1.8697  -7820.7130
    38    39      0.5732    -60.1645  -7880.8775
    38    40      0.5732    -60.1645  -7941.0420
    38    41      0.5732    -60.1645  -8001.2065
    38    44      0.5732    -60.1645  -8061.3710
    38   100      0.0217     -1.8697  -8063.2407
    38    54      0.5732    -60.1645  -8123.4051
    38    55      0.0217     -1.8697  -8125.2748
    38    56      0.5732    -60.1645  -8185.4393
    38    58      0.5732    -60.1645  -8245.6038
    38    42      0.0217     -1.8697  -8247.4734
    39    40      0.5732    -60.1645  -8307.6379
    39    41      0.5732    -60.1645  -8367.8024
    39    44      0.5732    -60.1645  -8427.9669
    39    85      0.5732    -60.1645  -8488.1314
    39    99      0.5732    -60.1645  -8548.2959
    39   100      0.5732    -60.1645  -8608.4604
    39   101      0.0217     -1.8697  -8610.3301
    39   103      0.5732    -60.1645  -8670.4945
    39    56      0.0217     -1.8697  -8672.3642
    39    43      0.0217     -1.8697  -8674.2339
    40    44      0.0217     -1.8697  -8676.1035
    40    96      0.5732    -60.1645  -8736.2680
    40    99      0.5732    -60.1645  -8796.4325
    40   100      0.5732    -60.1645  -8856.5970
    40   102      0.0217     -1.8697  -8858.4667
    40    52      0.5732    -60.1645  -8918.6311
    40    54      0.5732    -60.1645  -8978.7956
    40    56      0.5732    -60.1645  -9038.9601
    40    57      0.0217     -1.8697  -9040.8298
    40   117      0.5732    -60.1645  -9100.9943
    41    44      0.5732    -60.1645  -9161.1588
    41   103      0.0217     -1.8697  -9163.0284
    41    58      0.0217     -1.8697  -9164.8981
    41    42      0.5732    -60.1645  -9225.0626
    41    43      0.5732    -60.1645  -9285.2271
    41    45      0.0217     -1.8697  -9287.0967
    44   100      0.5732    -60.1645  -9347.2612
    44   103      0.5732    -60.1645  -9407.4257
    44   106      0.0217     -1.8697  -9409.2954
    44    56      0.5732    -60.1645  -9469.4599
    44    58      0.5732    -60.1645  -9529.6244
    44    61      0.0217     -1.8697  -9531.4940
    44   121      0.5732    -60.1645  -9591.6585
    44    48      0.0217     -1.8697  -9593.5282
    44   104      0.5732    -60.1645  -9653.6926
    44    60      0.5732    -60.1645  -9713.8571
    83    95      0.5732    -60.1645  -9774.0216
    83    84      0.5732    -60.1645  -9834.1861
    83    85      0.0217     -1.8697  -9836.0558
    83    87      0.5732    -60.1645  -9896.2203
    83    96      0.0217     -1.8697  -9898.0899
    83    97      0.5732    -60.1645  -9958.2544
    83    99      0.5732    -60.1645 -10018.4189
    85    86      0.5732    -60.1645 -10078.5834
    85    88      0.5732    -60.1645 -10138.7479
    85    87      0.5732    -60.1645 -10198.9124
    85    91      0.5732    -60.1645 -10259.0769
    85    99      0.5732    -60.1645 -10319.2414
    85   100      0.0217     -1.8697 -10321.1110
    85   101      0.5732    -60.1645 -10381.2755
    85   103      0.5732    -60.1645 -10441.4400
    85   152      0.0217     -1.8697 -10443.3097
    85    89      0.0217     -1.8697 -10445.1793
    87    91      0.0217     -1.8697 -10447.0490
    87    97      0.5732    -60.1645 -10507.2135
    87    99      0.5732    -60.1645 -10567.3780
    87   101      0.5732    -60.1645 -10627.5425
    87   102      0.0217     -1.8697 -10629.4121
    87   152      0.5732    -60.1645 -10689.5766
    87   157      0.5732    -60.1645 -10749.7411
    91   153      0.5732    -60.1645 -10809.9056
    91   101      0.5732    -60.1645 -10870.0701
    91   103      0.5732    -60.1645 -10930.2346
    91   106      0.0217     -1.8697 -10932.1042
    91   152      0.5732    -60.1645 -10992.2687
    91   155      0.0217     -1.8697 -10994.1384
    91   161      0.5732    -60.1645 -11054.3029
    91    94      0.0217     -1.8697 -11056.1725
    91   105      0.5732    -60.1645 -11116.3370
    91   154      0.5732    -60.1645 -11176.5015
    96    98      0.5732    -60.1645 -11236.6660
    96   113      0.5732    -60.1645 -11296.8305
    96    97      0.5732    -60.1645 -11356.9950
    96    99      0.5732    -60.1645 -11417.1595
    96   100      0.0217     -1.8697 -11419.0291
    96   102      0.5732    -60.1645 -11479.1936
    96   156      0.0217     -1.8697 -11481.0633
    96   114      0.0217     -1.8697 -11482.9329
    96   115      0.5732    -60.1645 -11543.0974
    96   117      0.5732    -60.1645 -11603.2619
    97    98      0.5732    -60.1645 -11663.4264
    97    99      0.5732    -60.1645 -11723.5909
    97   101      0.0217     -1.8697 -11725.4606
    97   102      0.5732    -60.1645 -11785.6251
    97   156      0.5732    -60.1645 -11845.7896
    97   157      0.5732    -60.1645 -11905.9540
    97   115      0.0217     -1.8697 -11907.8237
    99   100      0.5732    -60.1645 -11967.9882
    99   101      0.5732    -60.1645 -12028.1527
    99   102      0.5732    -60.1645 -12088.3172
    99   103      0.0217     -1.8697 -12090.1868
    99   157      0.0217     -1.8697 -12092.0565
    99   117      0.0217     -1.8697 -12093.9262
   100   101      0.5732    -60.1645 -12154.0906
   100   102      0.5732    -60.1645 -12214.2551
   100   103      0.5732    -60.1645 -12274.4196
   100   106      0.5732    -60.1645 -12334.5841
   100   158      0.0217     -1.8697 -12336.4538
   100   117      0.5732    -60.1645 -12396.6183
   100   118      0.0217     -1.8697 -12398.4879
   100   119      0.5732    -60.1645 -12458.6524
   100   121      0.5732    -60.1645 -12518.8169
   100   104      0.0217     -1.8697 -12520.6866
   101   102      0.5732    -60.1645 -12580.8511
   101   103      0.5732    -60.1645 -12641.0156
   101   106      0.5732    -60.1645 -12701.1800
   101   152      0.5732    -60.1645 -12761.3445
   101   157      0.5732    -60.1645 -12821.5090
   101   158      0.5732    -60.1645 -12881.6735
   101   159      0.0217     -1.8697 -12883.5432
   101   161      0.5732    -60.1645 -12943.7077
   101   119      0.0217     -1.8697 -12945.5773
   101   105      0.0217     -1.8697 -12947.4470
   102   106      0.0217     -1.8697 -12949.3166
   102   156      0.5732    -60.1645 -13009.4811
   102   157      0.5732    -60.1645 -13069.6456
   102   158      0.5732    -60.1645 -13129.8101
   102   160      0.0217     -1.8697 -13131.6798
   102   115      0.5732    -60.1645 -13191.8443
   102   117      0.5732    -60.1645 -13252.0088
   102   119      0.5732    -60.1645 -13312.1733
   102   120      0.0217     -1.8697 -13314.0429
   102   171      0.5732    -60.1645 -13374.2074
   103   106      0.5732    -60.1645 -13434.3719
   103   161      0.0217     -1.8697 -13436.2415
   103   121      0.0217     -1.8697 -13438.1112
   103   104      0.5732    -60.1645 -13498.2757
   103   105      0.5732    -60.1645 -13558.4402
   103   107      0.0217     -1.8697 -13560.3098
   106   158      0.5732    -60.1645 -13620.4743
   106   161      0.5732    -60.1645 -13680.6388
   106   164      0.0217     -1.8697 -13682.5085
   106   119      0.5732    -60.1645 -13742.6730
   106   121      0.5732    -60.1645 -13802.8375
   106   124      0.0217     -1.8697 -13804.7071
   106   175      0.5732    -60.1645 -13864.8716
   106   110      0.0217     -1.8697 -13866.7413
   106   162      0.5732    -60.1645 -13926.9058
   106   123      0.5732    -60.1645 -13987.0703
   152   153      0.5732    -60.1645 -14047.2348
   152   155      0.5732    -60.1645 -14107.3992
   152   157      0.5732    -60.1645 -14167.5637
   152   158      0.0217     -1.8697 -14169.4334
   152   159      0.5732    -60.1645 -14229.5979
   152   161      0.5732    -60.1645 -14289.7624
   152   154      0.0217     -1.8697 -14291.6320
   155   159      0.5732    -60.1645 -14351.7965
   155   161      0.5732    -60.1645 -14411.9610
   155   164      0.0217     -1.8697 -14413.8307
   155   194      0.5732    -60.1645 -14473.9952
   155   163      0.5732    -60.1645 -14534.1597
   156   168      0.5732    -60.1645 -14594.3242
   156   157      0.5732    -60.1645 -14654.4886
   156   158      0.0217     -1.8697 -14656.3583
   156   160      0.5732    -60.1645 -14716.5228
   156   169      0.0217     -1.8697 -14718.3925
   156   170      0.5732    -60.1645 -14778.5569
   156   171      0.5732    -60.1645 -14838.7214
   157   158      0.5732    -60.1645 -14898.8859
   157   159      0.5732    -60.1645 -14959.0504
   157   160      0.5732    -60.1645 -15019.2149
   157   161      0.0217     -1.8697 -15021.0846
   157   171      0.0217     -1.8697 -15022.9542
   158   159      0.5732    -60.1645 -15083.1187
   158   160      0.5732    -60.1645 -15143.2832
   158   161      0.5732    -60.1645 -15203.4477
   158   164      0.5732    -60.1645 -15263.6122
   158   193      0.0217     -1.8697 -15265.4819
   158   171      0.5732    -60.1645 -15325.6463
   158   172      0.0217     -1.8697 -15327.5160
   158   173      0.5732    -60.1645 -15387.6805
   158   175      0.5732    -60.1645 -15447.8450
   158   162      0.0217     -1.8697 -15449.7146
   159   160      0.5732    -60.1645 -15509.8791
   159   161      0.5732    -60.1645 -15570.0436
   159   164      0.5732    -60.1645 -15630.2081
   159   193      0.5732    -60.1645 -15690.3726
   159   194      0.5732    -60.1645 -15750.5371
   159   173      0.0217     -1.8697 -15752.4068
   159   163      0.0217     -1.8697 -15754.2764
   160   164      0.0217     -1.8697 -15756.1461
   160   193      0.5732    -60.1645 -15816.3106
   160   170      0.5732    -60.1645 -15876.4751
   160   171      0.5732    -60.1645 -15936.6395
   160   173      0.5732    -60.1645 -15996.8040
   160   174      0.0217     -1.8697 -15998.6737
   160   196      0.5732    -60.1645 -16058.8382
   161   164      0.5732    -60.1645 -16119.0027
   161   194      0.0217     -1.8697 -16120.8723
   161   175      0.0217     -1.8697 -16122.7420
   161   162      0.5732    -60.1645 -16182.9065
   161   163      0.5732    -60.1645 -16243.0710
   161   165      0.0217     -1.8697 -16244.9406
   164   193      0.5732    -60.1645 -16305.1051
   164   194      0.5732    -60.1645 -16365.2696
   164   173      0.5732    -60.1645 -16425.4341
   164   175      0.5732    -60.1645 -16485.5986
   164   178      0.0217     -1.8697 -16487.4683
   164   198      0.5732    -60.1645 -16547.6328
   164   167      0.0217     -1.8697 -16549.5024
   164   195      0.5732    -60.1645 -16609.6669
   164   177      0.5732    -60.1645 -16669.8314
   193   194      0.5732    -60.1645 -16729.9959
   193   196      0.5732    -60.1645 -16790.1604
   193   197      0.0217     -1.8697 -16792.0300
   193   198      0.5732    -60.1645 -16852.1945
   193   195      0.0217     -1.8697 -16854.0642
   194   198      0.0217     -1.8697 -16855.9338
   194   195      0.5732    -60.1645 -16916.0983
    11    12      0.5732    -60.1645 -16976.2628
    11    15      0.0217     -1.8697 -16978.1325
    11    13      0.5732    -60.1645 -17038.2970
    11    14      0.5732    -60.1645 -17098.4615
    11    54      0.0217     -1.8697 -17100.3311
    12    15      0.5732    -60.1645 -17160.4956
    12    23      0.5732    -60.1645 -17220.6601
    12    13      0.5732    -60.1645 -17280.8246
    12    14      0.5732    -60.1645 -17340.9891
    12    18      0.5732    -60.1645 -17401.1536
    12    22      0.5732    -60.1645 -17461.3181
    12    55      0.0217     -1.8697 -17463.1877
    12    16      0.0217     -1.8697 -17465.0574
    15    23      0.0217     -1.8697 -17466.9270
    15    18      0.5732    -60.1645 -17527.0915
    15    58      0.0217     -1.8697 -17528.9612
    15    16      0.5732    -60.1645 -17589.1257
    15    19      0.0217     -1.8697 -17590.9953
    15    17      0.5732    -60.1645 -17651.1598
    23    25      0.5732    -60.1645 -17711.3243
    23    73      0.0217     -1.8697 -17713.1940
    23    24      0.5732    -60.1645 -17773.3585
    10    50      0.5732    -60.1645 -17833.5230
    10    34      0.5732    -60.1645 -17893.6875
    10    11      0.5732    -60.1645 -17953.8520
    10    13      0.0217     -1.8697 -17955.7216
    10    14      0.5732    -60.1645 -18015.8861
    10    51      0.5732    -60.1645 -18076.0506
    10    52      0.0217     -1.8697 -18077.9203
    10    54      0.5732    -60.1645 -18138.0847
    13    38      0.5732    -60.1645 -18198.2492
    13    15      0.5732    -60.1645 -18258.4137
    13    14      0.5732    -60.1645 -18318.5782
    13    18      0.5732    -60.1645 -18378.7427
    13    22      0.0217     -1.8697 -18380.6124
    13    54      0.5732    -60.1645 -18440.7769
    13    55      0.5732    -60.1645 -18500.9414
    13    56      0.0217     -1.8697 -18502.8110
    13    58      0.5732    -60.1645 -18562.9755
    13    17      0.0217     -1.8697 -18564.8452
    14    18      0.0217     -1.8697 -18566.7148
    14    22      0.5732    -60.1645 -18626.8793
    14    51      0.5732    -60.1645 -18687.0438
    14    54      0.5732    -60.1645 -18747.2083
    14    55      0.5732    -60.1645 -18807.3728
    14    57      0.0217     -1.8697 -18809.2424
    14    69      0.5732    -60.1645 -18869.4069
    18    23      0.5732    -60.1645 -18929.5714
    18    22      0.5732    -60.1645 -18989.7359
    18    25      0.0217     -1.8697 -18991.6056
    18    55      0.5732    -60.1645 -19051.7701
    18    58      0.5732    -60.1645 -19111.9346
    18    61      0.0217     -1.8697 -19113.8042
    18    73      0.5732    -60.1645 -19173.9687
    18    21      0.0217     -1.8697 -19175.8384
    18    24      0.5732    -60.1645 -19236.0029
    18    59      0.5732    -60.1645 -19296.1673
    22    23      0.5732    -60.1645 -19356.3318
    22    25      0.5732    -60.1645 -19416.4963
    22    55      0.5732    -60.1645 -19476.6608
    22    69      0.5732    -60.1645 -19536.8253
    22    70      0.5732    -60.1645 -19596.9898
    22    71      0.0217     -1.8697 -19598.8595
    22    73      0.5732    -60.1645 -19659.0240
    22    24      0.0217     -1.8697 -19660.8936
    25    70      0.5732    -60.1645 -19721.0581
    25    73      0.5732    -60.1645 -19781.2226
    25    76      0.0217     -1.8697 -19783.0923
    25    81      0.5732    -60.1645 -19843.2567
    25    74      0.5732    -60.1645 -19903.4212
    51    53      0.5732    -60.1645 -19963.5857
    51    52      0.5732    -60.1645 -20023.7502
    51    54      0.5732    -60.1645 -20083.9147
    51    55      0.0217     -1.8697 -20085.7844
    51    57      0.5732    -60.1645 -20145.9489
    51    68      0.5732    -60.1645 -20206.1134
    51    69      0.5732    -60.1645 -20266.2778
    51   114      0.0217     -1.8697 -20268.1475
    52    53      0.5732    -60.1645 -20328.3120
    52   113      0.5732    -60.1645 -20388.4765
    52    96      0.5732    -60.1645 -20448.6410
    52    54      0.5732    -60.1645 -20508.8055
    52    56      0.0217     -1.8697 -20510.6751
    52    57      0.5732    -60.1645 -20570.8396
    52    68      0.0217     -1.8697 -20572.7093
    52   114      0.5732    -60.1645 -20632.8738
    52   115      0.0217     -1.8697 -20634.7434
    52   117      0.5732    -60.1645 -20694.9079
    54    55      0.5732    -60.1645 -20755.0724
    54    56      0.5732    -60.1645 -20815.2369
    54    57      0.5732    -60.1645 -20875.4014
    54    58      0.0217     -1.8697 -20877.2711
    54    69      0.0217     -1.8697 -20879.1407
    54   117      0.0217     -1.8697 -20881.0104
    55    56      0.5732    -60.1645 -20941.1749
    55    57      0.5732    -60.1645 -21001.3393
    55    58      0.5732    -60.1645 -21061.5038
    55    61      0.5732    -60.1645 -21121.6683
    55    69      0.5732    -60.1645 -21181.8328
    55    70      0.0217     -1.8697 -21183.7025
    55    71      0.5732    -60.1645 -21243.8670
    55    73      0.5732    -60.1645 -21304.0315
    55   118      0.0217     -1.8697 -21305.9011
    55    59      0.0217     -1.8697 -21307.7708
    56   100      0.5732    -60.1645 -21367.9353
    56    57      0.5732    -60.1645 -21428.0998
    56    58      0.5732    -60.1645 -21488.2643
    56    61      0.5732    -60.1645 -21548.4287
    56    71      0.0217     -1.8697 -21550.2984
    56   117      0.5732    -60.1645 -21610.4629
    56   118      0.5732    -60.1645 -21670.6274
    56   119      0.0217     -1.8697 -21672.4970
    56   121      0.5732    -60.1645 -21732.6615
    56    60      0.0217     -1.8697 -21734.5312
    57    61      0.0217     -1.8697 -21736.4009
    57    68      0.5732    -60.1645 -21796.5653
    57    69      0.5732    -60.1645 -21856.7298
    57    71      0.5732    -60.1645 -21916.8943
    57    72      0.0217     -1.8697 -21918.7640
    57   114      0.5732    -60.1645 -21978.9285
    57   117      0.5732    -60.1645 -22039.0930
    57   118      0.5732    -60.1645 -22099.2575
    57   120      0.0217     -1.8697 -22101.1271
    57   134      0.5732    -60.1645 -22161.2916
    58    61      0.5732    -60.1645 -22221.4561
    58    73      0.0217     -1.8697 -22223.3258
    58   121      0.0217     -1.8697 -22225.1954
    58    59      0.5732    -60.1645 -22285.3599
    58    60      0.5732    -60.1645 -22345.5244
    58    62      0.0217     -1.8697 -22347.3941
    61    71      0.5732    -60.1645 -22407.5586
    61    73      0.5732    -60.1645 -22467.7230
    61    76      0.0217     -1.8697 -22469.5927
    61   118      0.5732    -60.1645 -22529.7572
    61   121      0.5732    -60.1645 -22589.9217
    61   124      0.0217     -1.8697 -22591.7913
    61   138      0.5732    -60.1645 -22651.9558
    61    65      0.0217     -1.8697 -22653.8255
    61    75      0.5732    -60.1645 -22713.9900
    61   122      0.5732    -60.1645 -22774.1545
    68   131      0.5732    -60.1645 -22834.3190
    68    69      0.5732    -60.1645 -22894.4835
    68    71      0.0217     -1.8697 -22896.3531
    68    72      0.5732    -60.1645 -22956.5176
    68   114      0.5732    -60.1645 -23016.6821
    68   132      0.5732    -60.1645 -23076.8466
    68   133      0.0217     -1.8697 -23078.7162
    68   134      0.5732    -60.1645 -23138.8807
    69    70      0.5732    -60.1645 -23199.0452
    69    71      0.5732    -60.1645 -23259.2097
    69    72      0.5732    -60.1645 -23319.3742
    69    73      0.0217     -1.8697 -23321.2439
    69   134      0.0217     -1.8697 -23323.1135
    70    71      0.5732    -60.1645 -23383.2780
    70    72      0.5732    -60.1645 -23443.4425
    70    73      0.5732    -60.1645 -23503.6070
    70    76      0.5732    -60.1645 -23563.7715
    70   135      0.0217     -1.8697 -23565.6412
    70    80      0.5732    -60.1645 -23625.8056
    70    81      0.5732    -60.1645 -23685.9701
    70    74      0.0217     -1.8697 -23687.8398
    71    72      0.5732    -60.1645 -23748.0043
    71    73      0.5732    -60.1645 -23808.1688
    71    76      0.5732    -60.1645 -23868.3333
    71   118      0.5732    -60.1645 -23928.4978
    71   134      0.5732    -60.1645 -23988.6623
    71   135      0.5732    -60.1645 -24048.8267
    71   136      0.0217     -1.8697 -24050.6964
    71   138      0.5732    -60.1645 -24110.8609
    71    80      0.0217     -1.8697 -24112.7306
    71    75      0.0217     -1.8697 -24114.6002
    72    76      0.0217     -1.8697 -24116.4699
    72   132      0.5732    -60.1645 -24176.6344
    72   134      0.5732    -60.1645 -24236.7989
    72   135      0.5732    -60.1645 -24296.9633
    72   137      0.0217     -1.8697 -24298.8330
    72    80      0.5732    -60.1645 -24358.9975
    72   147      0.5732    -60.1645 -24419.1620
    73    76      0.5732    -60.1645 -24479.3265
    73   138      0.0217     -1.8697 -24481.1961
    73    81      0.0217     -1.8697 -24483.0658
    73    74      0.5732    -60.1645 -24543.2303
    73    75      0.5732    -60.1645 -24603.3948
    73    77      0.0217     -1.8697 -24605.2644
    76   135      0.5732    -60.1645 -24665.4289
    76   138      0.5732    -60.1645 -24725.5934
    76   141      0.0217     -1.8697 -24727.4631
    76    80      0.5732    -60.1645 -24787.6276
    76    81      0.5732    -60.1645 -24847.7921
    76   149      0.5732    -60.1645 -24907.9565
    76    79      0.0217     -1.8697 -24909.8262
    76   139      0.5732    -60.1645 -24969.9907
    76    82      0.5732    -60.1645 -25030.1552
   114   116      0.5732    -60.1645 -25090.3197
   114   131      0.5732    -60.1645 -25150.4842
   114   115      0.5732    -60.1645 -25210.6487
   114   117      0.5732    -60.1645 -25270.8132
   114   118      0.0217     -1.8697 -25272.6828
   114   120      0.5732    -60.1645 -25332.8473
   114   132      0.0217     -1.8697 -25334.7170
   114   133      0.5732    -60.1645 -25394.8815
   114   134      0.5732    -60.1645 -25455.0459
   114   169      0.0217     -1.8697 -25456.9156
   115   116      0.5732    -60.1645 -25517.0801
   115   168      0.5732    -60.1645 -25577.2446
   115   156      0.5732    -60.1645 -25637.4091
   115   117      0.5732    -60.1645 -25697.5736
   115   119      0.0217     -1.8697 -25699.4432
   115   120      0.5732    -60.1645 -25759.6077
   115   133      0.0217     -1.8697 -25761.4774
   115   169      0.5732    -60.1645 -25821.6419
   115   170      0.0217     -1.8697 -25823.5115
   115   171      0.5732    -60.1645 -25883.6760
   117   118      0.5732    -60.1645 -25943.8405
   117   119      0.5732    -60.1645 -26004.0050
   117   120      0.5732    -60.1645 -26064.1695
   117   121      0.0217     -1.8697 -26066.0392
   117   134      0.0217     -1.8697 -26067.9088
   117   171      0.0217     -1.8697 -26069.7785
   118   119      0.5732    -60.1645 -26129.9430
   118   120      0.5732    -60.1645 -26190.1075
   118   121      0.5732    -60.1645 -26250.2719
   118   124      0.5732    -60.1645 -26310.4364
   118   134      0.5732    -60.1645 -26370.6009
   118   135      0.0217     -1.8697 -26372.4706
   118   136      0.5732    -60.1645 -26432.6351
   118   138      0.5732    -60.1645 -26492.7996
   118   172      0.0217     -1.8697 -26494.6692
   118   122      0.0217     -1.8697 -26496.5389
   119   158      0.5732    -60.1645 -26556.7034
   119   120      0.5732    -60.1645 -26616.8679
   119   121      0.5732    -60.1645 -26677.0324
   119   124      0.5732    -60.1645 -26737.1968
   119   136      0.0217     -1.8697 -26739.0665
   119   171      0.5732    -60.1645 -26799.2310
   119   172      0.5732    -60.1645 -26859.3955
   119   173      0.0217     -1.8697 -26861.2651
   119   175      0.5732    -60.1645 -26921.4296
   119   123      0.0217     -1.8697 -26923.2993
   120   124      0.0217     -1.8697 -26925.1690
   120   133      0.5732    -60.1645 -26985.3334
   120   134      0.5732    -60.1645 -27045.4979
   120   136      0.5732    -60.1645 -27105.6624
   120   137      0.0217     -1.8697 -27107.5321
   120   169      0.5732    -60.1645 -27167.6966
   120   171      0.5732    -60.1645 -27227.8611
   120   172      0.5732    -60.1645 -27288.0256
   120   174      0.0217     -1.8697 -27289.8952
   120   184      0.5732    -60.1645 -27350.0597
   121   124      0.5732    -60.1645 -27410.2242
   121   138      0.0217     -1.8697 -27412.0939
   121   175      0.0217     -1.8697 -27413.9635
   121   122      0.5732    -60.1645 -27474.1280
   121   123      0.5732    -60.1645 -27534.2925
   121   125      0.0217     -1.8697 -27536.1622
   124   136      0.5732    -60.1645 -27596.3267
   124   138      0.5732    -60.1645 -27656.4911
   124   141      0.0217     -1.8697 -27658.3608
   124   172      0.5732    -60.1645 -27718.5253
   124   175      0.5732    -60.1645 -27778.6898
   124   178      0.0217     -1.8697 -27780.5594
   124   187      0.5732    -60.1645 -27840.7239
   124   128      0.0217     -1.8697 -27842.5936
   124   140      0.5732    -60.1645 -27902.7581
   124   176      0.5732    -60.1645 -27962.9226
   132   133      0.5732    -60.1645 -28023.0871
   132   134      0.5732    -60.1645 -28083.2516
   132   135      0.0217     -1.8697 -28085.1212
   132   137      0.5732    -60.1645 -28145.2857
   132   147      0.5732    -60.1645 -28205.4502
   133   134      0.5732    -60.1645 -28265.6147
   133   136      0.0217     -1.8697 -28267.4844
   133   137      0.5732    -60.1645 -28327.6488
   133   169      0.5732    -60.1645 -28387.8133
   133   184      0.5732    -60.1645 -28447.9778
   134   135      0.5732    -60.1645 -28508.1423
   134   136      0.5732    -60.1645 -28568.3068
   134   137      0.5732    -60.1645 -28628.4713
   134   138      0.0217     -1.8697 -28630.3410
   134   184      0.0217     -1.8697 -28632.2106
   134   147      0.0217     -1.8697 -28634.0803
   135   136      0.5732    -60.1645 -28694.2448
   135   137      0.5732    -60.1645 -28754.4093
   135   138      0.5732    -60.1645 -28814.5737
   135   141      0.5732    -60.1645 -28874.7382
   135   185      0.0217     -1.8697 -28876.6079
   135   147      0.5732    -60.1645 -28936.7724
   135   148      0.5732    -60.1645 -28996.9369
   135   149      0.5732    -60.1645 -29057.1014
   135   139      0.0217     -1.8697 -29058.9710
   136   137      0.5732    -60.1645 -29119.1355
   136   138      0.5732    -60.1645 -29179.3000
   136   141      0.5732    -60.1645 -29239.4645
   136   172      0.5732    -60.1645 -29299.6290
   136   184      0.5732    -60.1645 -29359.7935
   136   185      0.5732    -60.1645 -29419.9580
   136   186      0.0217     -1.8697 -29421.8276
   136   187      0.5732    -60.1645 -29481.9921
   136   148      0.0217     -1.8697 -29483.8618
   136   140      0.0217     -1.8697 -29485.7314
   137   141      0.0217     -1.8697 -29487.6011
   137   184      0.5732    -60.1645 -29547.7656
   137   185      0.5732    -60.1645 -29607.9301
   137   147      0.5732    -60.1645 -29668.0946
   137   148      0.5732    -60.1645 -29728.2591
   138   141      0.5732    -60.1645 -29788.4236
   138   187      0.0217     -1.8697 -29790.2932
   138   149      0.0217     -1.8697 -29792.1629
   138   139      0.5732    -60.1645 -29852.3274
   138   140      0.5732    -60.1645 -29912.4919
   138   142      0.0217     -1.8697 -29914.3615
   141   185      0.5732    -60.1645 -29974.5260
   141   187      0.5732    -60.1645 -30034.6905
   141   190      0.0217     -1.8697 -30036.5602
   141   148      0.5732    -60.1645 -30096.7247
   141   149      0.5732    -60.1645 -30156.8891
   141   192      0.5732    -60.1645 -30217.0536
   141   145      0.0217     -1.8697 -30218.9233
   141   188      0.5732    -60.1645 -30279.0878
   141   150      0.5732    -60.1645 -30339.2523
   169   170      0.5732    -60.1645 -30399.4168
   169   171      0.5732    -60.1645 -30459.5813
   169   172      0.0217     -1.8697 -30461.4509
   169   174      0.5732    -60.1645 -30521.6154
   169   184      0.5732    -60.1645 -30581.7799
   170   171      0.5732    -60.1645 -30641.9444
   170   173      0.0217     -1.8697 -30643.8140
   170   174      0.5732    -60.1645 -30703.9785
   170   196      0.5732    -60.1645 -30764.1430
   171   172      0.5732    -60.1645 -30824.3075
   171   173      0.5732    -60.1645 -30884.4720
   171   174      0.5732    -60.1645 -30944.6365
   171   175      0.0217     -1.8697 -30946.5062
   171   184      0.0217     -1.8697 -30948.3758
   171   196      0.0217     -1.8697 -30950.2455
   172   173      0.5732    -60.1645 -31010.4100
   172   174      0.5732    -60.1645 -31070.5745
   172   175      0.5732    -60.1645 -31130.7390
   172   178      0.5732    -60.1645 -31190.9034
   172   184      0.5732    -60.1645 -31251.0679
   172   185      0.0217     -1.8697 -31252.9376
   172   186      0.5732    -60.1645 -31313.1021
   172   187      0.5732    -60.1645 -31373.2666
   172   197      0.0217     -1.8697 -31375.1362
   172   176      0.0217     -1.8697 -31377.0059
   173   193      0.5732    -60.1645 -31437.1704
   173   174      0.5732    -60.1645 -31497.3349
   173   175      0.5732    -60.1645 -31557.4994
   173   178      0.5732    -60.1645 -31617.6639
   173   186      0.0217     -1.8697 -31619.5335
   173   196      0.5732    -60.1645 -31679.6980
   173   197      0.5732    -60.1645 -31739.8625
   173   198      0.5732    -60.1645 -31800.0270
   173   177      0.0217     -1.8697 -31801.8967
   174   178      0.0217     -1.8697 -31803.7663
   174   184      0.5732    -60.1645 -31863.9308
   174   186      0.5732    -60.1645 -31924.0953
   174   196      0.5732    -60.1645 -31984.2598
   174   197      0.5732    -60.1645 -32044.4243
   175   178      0.5732    -60.1645 -32104.5888
   175   187      0.0217     -1.8697 -32106.4584
   175   198      0.0217     -1.8697 -32108.3281
   175   176      0.5732    -60.1645 -32168.4926
   175   177      0.5732    -60.1645 -32228.6571
   175   179      0.0217     -1.8697 -32230.5267
   178   186      0.5732    -60.1645 -32290.6912
   178   187      0.5732    -60.1645 -32350.8557
   178   190      0.0217     -1.8697 -32352.7254
   178   197      0.5732    -60.1645 -32412.8899
   178   198      0.5732    -60.1645 -32473.0543
   178   201      0.5732    -60.1645 -32533.2188
   178   182      0.0217     -1.8697 -32535.0885
   178   189      0.5732    -60.1645 -32595.2530
   178   199      0.5732    -60.1645 -32655.4175
   184   185      0.5732    -60.1645 -32715.5820
   184   186      0.5732    -60.1645 -32775.7465
   184   187      0.0217     -1.8697 -32777.6161
   185   186      0.5732    -60.1645 -32837.7806
   185   187      0.5732    -60.1645 -32897.9451
   185   190      0.5732    -60.1645 -32958.1096
   185   192      0.5732    -60.1645 -33018.2741
   185   188      0.0217     -1.8697 -33020.1437
   186   187      0.5732    -60.1645 -33080.3082
   186   190      0.5732    -60.1645 -33140.4727
   186   197      0.5732    -60.1645 -33200.6372
   186   201      0.5732    -60.1645 -33260.8017
   186   189      0.0217     -1.8697 -33262.6714
   187   190      0.5732    -60.1645 -33322.8359
   187   201      0.0217     -1.8697 -33324.7055
   187   192      0.0217     -1.8697 -33326.5752
   187   188      0.5732    -60.1645 -33386.7397
   187   189      0.5732    -60.1645 -33446.9042
   187   191      0.0217     -1.8697 -33448.7738
   190   201      0.5732    -60.1645 -33508.9383
   190   192      0.5732    -60.1645 -33569.1028
   196   197      0.5732    -60.1645 -33629.2673
   196   198      0.0217     -1.8697 -33631.1370
   197   198      0.5732    -60.1645 -33691.3014
   197   201      0.5732    -60.1645 -33751.4659
   197   199      0.0217     -1.8697 -33753.3356
   198   201      0.0217     -1.8697 -33755.2053
   198   199      0.5732    -60.1645 -33815.3697
   198   200      0.0217     -1.8697 -33817.2394
    80   135      0.5732    -60.1645 -33877.4039
    80    81      0.5732    -60.1645 -33937.5684
    80   147      0.5732    -60.1645 -33997.7329
    80   148      0.0217     -1.8697 -33999.6025
    80   149      0.5732    -60.1645 -34059.7670
    80    82      0.0217     -1.8697 -34061.6367
    81   149      0.0217     -1.8697 -34063.5063
    81    82      0.5732    -60.1645 -34123.6708
   147   148      0.5732    -60.1645 -34183.8353
   147   149      0.0217     -1.8697 -34185.7050
   148   185      0.5732    -60.1645 -34245.8695
   148   149      0.5732    -60.1645 -34306.0340
   148   192      0.5732    -60.1645 -34366.1985
   148   150      0.0217     -1.8697 -34368.0681
   149   192      0.0217     -1.8697 -34369.9378
   149   150      0.5732    -60.1645 -34430.1023
   149   151      0.0217     -1.8697 -34431.9719
    31    88      0.5732    -60.1645 -34492.1364
    31    32      0.5732    -60.1645 -34552.3009
    31    90      0.0217     -1.8697 -34554.1706
    31    92      0.5732    -60.1645 -34614.3351
    31    33      0.5732    -60.1645 -34674.4995
    31    43      0.0217     -1.8697 -34676.3692
    31    89      0.5732    -60.1645 -34736.5337
    90   153      0.5732    -60.1645 -34796.6982
    90    91      0.5732    -60.1645 -34856.8627
    90    92      0.5732    -60.1645 -34917.0272
    90    94      0.5732    -60.1645 -34977.1917
    90   105      0.0217     -1.8697 -34979.0613
    90   154      0.5732    -60.1645 -35039.2258
    92    93      0.5732    -60.1645 -35099.3903
    92    94      0.5732    -60.1645 -35159.5548
    92   107      0.0217     -1.8697 -35161.4245
     6     8      0.5732    -60.1645 -35221.5889
     6    15      0.5732    -60.1645 -35281.7534
     6     7      0.5732    -60.1645 -35341.9179
     6     9      0.5732    -60.1645 -35402.0824
     6    42      0.0217     -1.8697 -35403.9521
     6    16      0.0217     -1.8697 -35405.8217
     6    19      0.5732    -60.1645 -35465.9862
     6    17      0.5732    -60.1645 -35526.1507
     7     8      0.5732    -60.1645 -35586.3152
     7    41      0.5732    -60.1645 -35646.4797
     7     9      0.5732    -60.1645 -35706.6442
     7    30      0.5732    -60.1645 -35766.8087
     7    42      0.5732    -60.1645 -35826.9732
     7    43      0.0217     -1.8697 -35828.8428
     7    45      0.5732    -60.1645 -35889.0073
     7    17      0.0217     -1.8697 -35890.8770
     9    42      0.5732    -60.1645 -35951.0415
     9    45      0.5732    -60.1645 -36011.2060
     9    46      0.5732    -60.1645 -36071.3705
     9    48      0.0217     -1.8697 -36073.2401
     9    19      0.5732    -60.1645 -36133.4046
     9    17      0.5732    -60.1645 -36193.5691
     9    20      0.5732    -60.1645 -36253.7336
     9    21      0.0217     -1.8697 -36255.6032
     9    62      0.5732    -60.1645 -36315.7677
    30    32      0.5732    -60.1645 -36375.9322
    30    41      0.5732    -60.1645 -36436.0967
    30    31      0.5732    -60.1645 -36496.2612
    30    33      0.5732    -60.1645 -36556.4257
    30    42      0.0217     -1.8697 -36558.2954
    30    43      0.5732    -60.1645 -36618.4599
    30    45      0.5732    -60.1645 -36678.6243
    30    89      0.0217     -1.8697 -36680.4940
    33    92      0.5732    -60.1645 -36740.6585
    33    43      0.5732    -60.1645 -36800.8230
    33    45      0.5732    -60.1645 -36860.9875
    33    47      0.5732    -60.1645 -36921.1520
    33    48      0.0217     -1.8697 -36923.0216
    33    89      0.5732    -60.1645 -36983.1861
    33    93      0.5732    -60.1645 -37043.3506
    33    94      0.0217     -1.8697 -37045.2203
    33   107      0.5732    -60.1645 -37105.3848
    42    44      0.5732    -60.1645 -37165.5493
    42    58      0.5732    -60.1645 -37225.7137
    42    43      0.5732    -60.1645 -37285.8782
    42    45      0.5732    -60.1645 -37346.0427
    42    46      0.0217     -1.8697 -37347.9124
    42    48      0.5732    -60.1645 -37408.0769
    42   104      0.0217     -1.8697 -37409.9465
    42    59      0.0217     -1.8697 -37411.8162
    42    60      0.5732    -60.1645 -37471.9807
    42    62      0.5732    -60.1645 -37532.1452
    43    44      0.5732    -60.1645 -37592.3097
    43   103      0.5732    -60.1645 -37652.4742
    43    45      0.5732    -60.1645 -37712.6387
    43    47      0.0217     -1.8697 -37714.5083
    43    48      0.5732    -60.1645 -37774.6728
    43    89      0.5732    -60.1645 -37834.8373
    43   104      0.5732    -60.1645 -37895.0018
    43   105      0.0217     -1.8697 -37896.8714
    43   107      0.5732    -60.1645 -37957.0359
    43    60      0.0217     -1.8697 -37958.9056
    45    46      0.5732    -60.1645 -38019.0701
    45    47      0.5732    -60.1645 -38079.2346
    45    48      0.5732    -60.1645 -38139.3991
    45   107      0.0217     -1.8697 -38141.2687
    45    62      0.0217     -1.8697 -38143.1384
    46    47      0.5732    -60.1645 -38203.3029
    46    48      0.5732    -60.1645 -38263.4674
    46   108      0.0217     -1.8697 -38265.3370
    46    62      0.5732    -60.1645 -38325.5015
    46    63      0.0217     -1.8697 -38327.3712
    46    64      0.5732    -60.1645 -38387.5357
    46    49      0.5732    -60.1645 -38447.7002
    46    66      0.5732    -60.1645 -38507.8646
    47    48      0.5732    -60.1645 -38568.0291
    47    93      0.5732    -60.1645 -38628.1936
    47   107      0.5732    -60.1645 -38688.3581
    47   108      0.5732    -60.1645 -38748.5226
    47   109      0.0217     -1.8697 -38750.3923
    47    64      0.0217     -1.8697 -38752.2619
    47    49      0.5732    -60.1645 -38812.4264
    47   111      0.5732    -60.1645 -38872.5909
    48   104      0.5732    -60.1645 -38932.7554
    48   107      0.5732    -60.1645 -38992.9199
    48   108      0.5732    -60.1645 -39053.0844
    48   110      0.0217     -1.8697 -39054.9540
    48    60      0.5732    -60.1645 -39115.1185
    48    62      0.5732    -60.1645 -39175.2830
    48    64      0.5732    -60.1645 -39235.4475
    48    65      0.0217     -1.8697 -39237.3172
    48   125      0.5732    -60.1645 -39297.4817
    48    49      0.0217     -1.8697 -39299.3513
    89    91      0.5732    -60.1645 -39359.5158
    89   103      0.5732    -60.1645 -39419.6803
    89    90      0.5732    -60.1645 -39479.8448
    89    92      0.5732    -60.1645 -39540.0093
    89    93      0.0217     -1.8697 -39541.8790
    89    94      0.5732    -60.1645 -39602.0434
    89   104      0.0217     -1.8697 -39603.9131
    89   105      0.5732    -60.1645 -39664.0776
    89   107      0.5732    -60.1645 -39724.2421
    89   154      0.0217     -1.8697 -39726.1117
    93    94      0.5732    -60.1645 -39786.2762
    93   107      0.5732    -60.1645 -39846.4407
    93   108      0.0217     -1.8697 -39848.3104
    93   109      0.5732    -60.1645 -39908.4749
    93   111      0.5732    -60.1645 -39968.6394
    94   105      0.5732    -60.1645 -40028.8039
    94   107      0.5732    -60.1645 -40088.9683
    94   109      0.5732    -60.1645 -40149.1328
    94   110      0.0217     -1.8697 -40151.0025
    94   154      0.5732    -60.1645 -40211.1670
    94   165      0.5732    -60.1645 -40271.3315
   104   106      0.5732    -60.1645 -40331.4960
   104   121      0.5732    -60.1645 -40391.6605
   104   105      0.5732    -60.1645 -40451.8250
   104   107      0.5732    -60.1645 -40511.9894
   104   108      0.0217     -1.8697 -40513.8591
   104   110      0.5732    -60.1645 -40574.0236
   104   162      0.0217     -1.8697 -40575.8933
   104   122      0.0217     -1.8697 -40577.7629
   104   123      0.5732    -60.1645 -40637.9274
   104   125      0.5732    -60.1645 -40698.0919
   105   106      0.5732    -60.1645 -40758.2564
   105   161      0.5732    -60.1645 -40818.4209
   105   107      0.5732    -60.1645 -40878.5854
   105   109      0.0217     -1.8697 -40880.4550
   105   110      0.5732    -60.1645 -40940.6195
   105   154      0.5732    -60.1645 -41000.7840
   105   162      0.5732    -60.1645 -41060.9485
   105   163      0.0217     -1.8697 -41062.8182
   105   165      0.5732    -60.1645 -41122.9827
   105   123      0.0217     -1.8697 -41124.8523
   107   108      0.5732    -60.1645 -41185.0168
   107   109      0.5732    -60.1645 -41245.1813
   107   110      0.5732    -60.1645 -41305.3458
   107   165      0.0217     -1.8697 -41307.2154
   107   125      0.0217     -1.8697 -41309.0851
   107   111      0.0217     -1.8697 -41310.9548
   108   109      0.5732    -60.1645 -41371.1193
   108   110      0.5732    -60.1645 -41431.2837
   108   166      0.0217     -1.8697 -41433.1534
   108   125      0.5732    -60.1645 -41493.3179
   108   126      0.0217     -1.8697 -41495.1876
   108   127      0.5732    -60.1645 -41555.3520
   108   111      0.5732    -60.1645 -41615.5165
   108   112      0.5732    -60.1645 -41675.6810
   108   129      0.5732    -60.1645 -41735.8455
   109   110      0.5732    -60.1645 -41796.0100
   109   165      0.5732    -60.1645 -41856.1745
   109   166      0.5732    -60.1645 -41916.3390
   109   127      0.0217     -1.8697 -41918.2086
   109   111      0.5732    -60.1645 -41978.3731
   109   112      0.5732    -60.1645 -42038.5376
   110   162      0.5732    -60.1645 -42098.7021
   110   165      0.5732    -60.1645 -42158.8666
   110   166      0.5732    -60.1645 -42219.0311
   110   167      0.0217     -1.8697 -42220.9008
   110   123      0.5732    -60.1645 -42281.0653
   110   125      0.5732    -60.1645 -42341.2297
   110   127      0.5732    -60.1645 -42401.3942
   110   128      0.0217     -1.8697 -42403.2639
   110   179      0.5732    -60.1645 -42463.4284
   110   112      0.0217     -1.8697 -42465.2980
   154   155      0.5732    -60.1645 -42525.4625
   154   161      0.5732    -60.1645 -42585.6270
   154   162      0.0217     -1.8697 -42587.4967
   154   163      0.5732    -60.1645 -42647.6612
   154   165      0.5732    -60.1645 -42707.8257
   162   164      0.5732    -60.1645 -42767.9902
   162   175      0.5732    -60.1645 -42828.1547
   162   163      0.5732    -60.1645 -42888.3191
   162   165      0.5732    -60.1645 -42948.4836
   162   166      0.0217     -1.8697 -42950.3533
   162   167      0.5732    -60.1645 -43010.5178
   162   195      0.0217     -1.8697 -43012.3874
   162   176      0.0217     -1.8697 -43014.2571
   162   177      0.5732    -60.1645 -43074.4216
   162   179      0.5732    -60.1645 -43134.5861
   163   164      0.5732    -60.1645 -43194.7506
   163   194      0.5732    -60.1645 -43254.9151
   163   165      0.5732    -60.1645 -43315.0796
   163   167      0.5732    -60.1645 -43375.2441
   163   195      0.5732    -60.1645 -43435.4085
   163   177      0.0217     -1.8697 -43437.2782
   165   166      0.5732    -60.1645 -43497.4427
   165   167      0.5732    -60.1645 -43557.6072
   165   179      0.0217     -1.8697 -43559.4768
   166   167      0.5732    -60.1645 -43619.6413
   166   179      0.5732    -60.1645 -43679.8058
   166   180      0.0217     -1.8697 -43681.6755
   166   181      0.5732    -60.1645 -43741.8400
   166   183      0.5732    -60.1645 -43802.0045
   167   195      0.5732    -60.1645 -43862.1690
   167   177      0.5732    -60.1645 -43922.3334
   167   179      0.5732    -60.1645 -43982.4979
   167   181      0.5732    -60.1645 -44042.6624
   167   182      0.0217     -1.8697 -44044.5321
   167   200      0.5732    -60.1645 -44104.6966
   195   198      0.5732    -60.1645 -44164.8611
   195   199      0.0217     -1.8697 -44166.7307
   195   200      0.5732    -60.1645 -44226.8952
    16    23      0.5732    -60.1645 -44287.0597
    16    18      0.5732    -60.1645 -44347.2242
    16    19      0.5732    -60.1645 -44407.3887
    16    17      0.5732    -60.1645 -44467.5532
    16    21      0.5732    -60.1645 -44527.7177
    16    24      0.5732    -60.1645 -44587.8822
    16    59      0.0217     -1.8697 -44589.7518
    19    20      0.5732    -60.1645 -44649.9163
    19    21      0.5732    -60.1645 -44710.0808
    19    62      0.0217     -1.8697 -44711.9505
    17    18      0.5732    -60.1645 -44772.1150
    17    58      0.5732    -60.1645 -44832.2795
    17    42      0.5732    -60.1645 -44892.4439
    17    19      0.5732    -60.1645 -44952.6084
    17    20      0.0217     -1.8697 -44954.4781
    17    21      0.5732    -60.1645 -45014.6426
    17    24      0.0217     -1.8697 -45016.5122
    17    59      0.5732    -60.1645 -45076.6767
    17    60      0.0217     -1.8697 -45078.5464
    17    62      0.5732    -60.1645 -45138.7109
    20    46      0.5732    -60.1645 -45198.8754
    20    21      0.5732    -60.1645 -45259.0399
    20    62      0.5732    -60.1645 -45319.2044
    20    63      0.5732    -60.1645 -45379.3689
    20    64      0.0217     -1.8697 -45381.2385
    20    66      0.5732    -60.1645 -45441.4030
    21    24      0.5732    -60.1645 -45501.5675
    21    59      0.5732    -60.1645 -45561.7320
    21    62      0.5732    -60.1645 -45621.8965
    21    63      0.5732    -60.1645 -45682.0610
    21    65      0.0217     -1.8697 -45683.9306
    21    77      0.5732    -60.1645 -45744.0951
    24    25      0.5732    -60.1645 -45804.2596
    24    73      0.5732    -60.1645 -45864.4241
    24    59      0.5732    -60.1645 -45924.5886
    24    74      0.5732    -60.1645 -45984.7531
    24    75      0.0217     -1.8697 -45986.6227
    24    77      0.5732    -60.1645 -46046.7872
    59    61      0.5732    -60.1645 -46106.9517
    59    73      0.5732    -60.1645 -46167.1162
    59    60      0.5732    -60.1645 -46227.2807
    59    62      0.5732    -60.1645 -46287.4452
    59    63      0.0217     -1.8697 -46289.3149
    59    65      0.5732    -60.1645 -46349.4793
    59    74      0.0217     -1.8697 -46351.3490
    59    75      0.5732    -60.1645 -46411.5135
    59    77      0.5732    -60.1645 -46471.6780
    59   122      0.0217     -1.8697 -46473.5476
    60    61      0.5732    -60.1645 -46533.7121
    60   121      0.5732    -60.1645 -46593.8766
    60   104      0.5732    -60.1645 -46654.0411
    60    62      0.5732    -60.1645 -46714.2056
    60    64      0.0217     -1.8697 -46716.0753
    60    65      0.5732    -60.1645 -46776.2398
    60    75      0.0217     -1.8697 -46778.1094
    60   122      0.5732    -60.1645 -46838.2739
    60   123      0.0217     -1.8697 -46840.1436
    60   125      0.5732    -60.1645 -46900.3081
    62    63      0.5732    -60.1645 -46960.4726
    62    64      0.5732    -60.1645 -47020.6370
    62    65      0.5732    -60.1645 -47080.8015
    62    77      0.0217     -1.8697 -47082.6712
    62   125      0.0217     -1.8697 -47084.5409
    62    66      0.0217     -1.8697 -47086.4105
    63    64      0.5732    -60.1645 -47146.5750
    63    65      0.5732    -60.1645 -47206.7395
    63    77      0.5732    -60.1645 -47266.9040
    63    78      0.5732    -60.1645 -47327.0685
    63   126      0.0217     -1.8697 -47328.9381
    63    66      0.5732    -60.1645 -47389.1026
    63    67      0.5732    -60.1645 -47449.2671
    64   108      0.5732    -60.1645 -47509.4316
    64    65      0.5732    -60.1645 -47569.5961
    64    78      0.0217     -1.8697 -47571.4658
    64   125      0.5732    -60.1645 -47631.6302
    64   126      0.5732    -60.1645 -47691.7947
    64   127      0.0217     -1.8697 -47693.6644
    64    66      0.5732    -60.1645 -47753.8289
    64    67      0.5732    -60.1645 -47813.9934
    64   129      0.5732    -60.1645 -47874.1579
    65    75      0.5732    -60.1645 -47934.3224
    65    77      0.5732    -60.1645 -47994.4869
    65    78      0.5732    -60.1645 -48054.6513
    65    79      0.0217     -1.8697 -48056.5210
    65   122      0.5732    -60.1645 -48116.6855
    65   125      0.5732    -60.1645 -48176.8500
    65   126      0.5732    -60.1645 -48237.0145
    65   128      0.0217     -1.8697 -48238.8841
    65   142      0.5732    -60.1645 -48299.0486
    65    67      0.0217     -1.8697 -48300.9183
    74    76      0.5732    -60.1645 -48361.0828
    74    81      0.5732    -60.1645 -48421.2473
    74    75      0.5732    -60.1645 -48481.4118
    74    77      0.5732    -60.1645 -48541.5763
    74    79      0.5732    -60.1645 -48601.7407
    74   139      0.0217     -1.8697 -48603.6104
    74    82      0.5732    -60.1645 -48663.7749
    75    76      0.5732    -60.1645 -48723.9394
    75   138      0.5732    -60.1645 -48784.1039
    75    77      0.5732    -60.1645 -48844.2684
    75    78      0.0217     -1.8697 -48846.1380
    75    79      0.5732    -60.1645 -48906.3025
    75   122      0.5732    -60.1645 -48966.4670
    75   139      0.5732    -60.1645 -49026.6315
    75   140      0.0217     -1.8697 -49028.5012
    75   142      0.5732    -60.1645 -49088.6657
    75    82      0.0217     -1.8697 -49090.5353
    77    78      0.5732    -60.1645 -49150.6998
    77    79      0.5732    -60.1645 -49210.8643
    77   142      0.0217     -1.8697 -49212.7340
    78    79      0.5732    -60.1645 -49272.8984
    78   126      0.5732    -60.1645 -49333.0629
    78   142      0.5732    -60.1645 -49393.2274
    78   143      0.5732    -60.1645 -49453.3919
    78   144      0.0217     -1.8697 -49455.2616
    78   146      0.5732    -60.1645 -49515.4261
    79   139      0.5732    -60.1645 -49575.5906
    79   142      0.5732    -60.1645 -49635.7550
    79   143      0.5732    -60.1645 -49695.9195
    79   145      0.0217     -1.8697 -49697.7892
    79    82      0.5732    -60.1645 -49757.9537
    79   151      0.5732    -60.1645 -49818.1182
   122   124      0.5732    -60.1645 -49878.2827
   122   138      0.5732    -60.1645 -49938.4472
   122   123      0.5732    -60.1645 -49998.6117
   122   125      0.5732    -60.1645 -50058.7761
   122   126      0.0217     -1.8697 -50060.6458
   122   128      0.5732    -60.1645 -50120.8103
   122   139      0.0217     -1.8697 -50122.6800
   122   140      0.5732    -60.1645 -50182.8444
   122   142      0.5732    -60.1645 -50243.0089
   122   176      0.0217     -1.8697 -50244.8786
   123   124      0.5732    -60.1645 -50305.0431
   123   175      0.5732    -60.1645 -50365.2076
   123   162      0.5732    -60.1645 -50425.3721
   123   125      0.5732    -60.1645 -50485.5366
   123   127      0.0217     -1.8697 -50487.4062
   123   128      0.5732    -60.1645 -50547.5707
   123   140      0.0217     -1.8697 -50549.4404
   123   176      0.5732    -60.1645 -50609.6049
   123   177      0.0217     -1.8697 -50611.4745
   123   179      0.5732    -60.1645 -50671.6390
   125   126      0.5732    -60.1645 -50731.8035
   125   127      0.5732    -60.1645 -50791.9680
   125   128      0.5732    -60.1645 -50852.1325
   125   142      0.0217     -1.8697 -50854.0021
   125   179      0.0217     -1.8697 -50855.8718
   125   129      0.0217     -1.8697 -50857.7415
   126   127      0.5732    -60.1645 -50917.9060
   126   128      0.5732    -60.1645 -50978.0704
   126   142      0.5732    -60.1645 -51038.2349
   126   143      0.0217     -1.8697 -51040.1046
   126   144      0.5732    -60.1645 -51100.2691
   126   180      0.0217     -1.8697 -51102.1387
   126   129      0.5732    -60.1645 -51162.3032
   126   130      0.5732    -60.1645 -51222.4677
   126   146      0.5732    -60.1645 -51282.6322
   127   166      0.5732    -60.1645 -51342.7967
   127   128      0.5732    -60.1645 -51402.9612
   127   144      0.0217     -1.8697 -51404.8309
   127   179      0.5732    -60.1645 -51464.9953
   127   180      0.5732    -60.1645 -51525.1598
   127   181      0.0217     -1.8697 -51527.0295
   127   129      0.5732    -60.1645 -51587.1940
   127   130      0.5732    -60.1645 -51647.3585
   127   183      0.5732    -60.1645 -51707.5230
   128   140      0.5732    -60.1645 -51767.6875
   128   142      0.5732    -60.1645 -51827.8520
   128   144      0.5732    -60.1645 -51888.0164
   128   145      0.0217     -1.8697 -51889.8861
   128   176      0.5732    -60.1645 -51950.0506
   128   179      0.5732    -60.1645 -52010.2151
   128   180      0.5732    -60.1645 -52070.3796
   128   182      0.0217     -1.8697 -52072.2492
   128   191      0.5732    -60.1645 -52132.4137
   128   130      0.0217     -1.8697 -52134.2834
   139   141      0.5732    -60.1645 -52194.4479
   139   149      0.5732    -60.1645 -52254.6124
   139   140      0.5732    -60.1645 -52314.7769
   139   142      0.5732    -60.1645 -52374.9414
   139   143      0.0217     -1.8697 -52376.8110
   139   145      0.5732    -60.1645 -52436.9755
   139   188      0.0217     -1.8697 -52438.8452
   139   150      0.5732    -60.1645 -52499.0097
   139   151      0.5732    -60.1645 -52559.1741
   140   141      0.5732    -60.1645 -52619.3386
   140   187      0.5732    -60.1645 -52679.5031
   140   142      0.5732    -60.1645 -52739.6676
   140   144      0.0217     -1.8697 -52741.5373
   140   145      0.5732    -60.1645 -52801.7018
   140   176      0.5732    -60.1645 -52861.8663
   140   188      0.5732    -60.1645 -52922.0308
   140   189      0.0217     -1.8697 -52923.9004
   140   191      0.5732    -60.1645 -52984.0649
   140   150      0.0217     -1.8697 -52985.9346
   142   143      0.5732    -60.1645 -53046.0990
   142   144      0.5732    -60.1645 -53106.2635
   142   145      0.5732    -60.1645 -53166.4280
   142   191      0.0217     -1.8697 -53168.2977
   142   151      0.0217     -1.8697 -53170.1673
   142   146      0.0217     -1.8697 -53172.0370
   143   144      0.5732    -60.1645 -53232.2015
   143   145      0.5732    -60.1645 -53292.3660
   143   151      0.5732    -60.1645 -53352.5305
   143   146      0.5732    -60.1645 -53412.6950
   144   145      0.5732    -60.1645 -53472.8595
   144   180      0.5732    -60.1645 -53533.0240
   144   191      0.5732    -60.1645 -53593.1884
   144   146      0.5732    -60.1645 -53653.3529
   145   188      0.5732    -60.1645 -53713.5174
   145   191      0.5732    -60.1645 -53773.6819
   145   150      0.5732    -60.1645 -53833.8464
   145   151      0.5732    -60.1645 -53894.0109
   176   178      0.5732    -60.1645 -53954.1754
   176   187      0.5732    -60.1645 -54014.3399
   176   177      0.5732    -60.1645 -54074.5044
   176   179      0.5732    -60.1645 -54134.6689
   176   180      0.0217     -1.8697 -54136.5385
   176   182      0.5732    -60.1645 -54196.7030
   176   188      0.0217     -1.8697 -54198.5727
   176   189      0.5732    -60.1645 -54258.7372
   176   191      0.5732    -60.1645 -54318.9017
   176   199      0.0217     -1.8697 -54320.7713
   177   178      0.5732    -60.1645 -54380.9358
   177   198      0.5732    -60.1645 -54441.1003
   177   195      0.5732    -60.1645 -54501.2648
   177   179      0.5732    -60.1645 -54561.4293
   177   181      0.0217     -1.8697 -54563.2989
   177   182      0.5732    -60.1645 -54623.4634
   177   189      0.0217     -1.8697 -54625.3331
   177   199      0.5732    -60.1645 -54685.4976
   177   200      0.5732    -60.1645 -54745.6621
   179   180      0.5732    -60.1645 -54805.8266
   179   181      0.5732    -60.1645 -54865.9911
   179   182      0.5732    -60.1645 -54926.1555
   179   191      0.0217     -1.8697 -54928.0252
   179   200      0.0217     -1.8697 -54929.8949
   179   183      0.0217     -1.8697 -54931.7645
   180   181      0.5732    -60.1645 -54991.9290
   180   182      0.5732    -60.1645 -55052.0935
   180   191      0.5732    -60.1645 -55112.2580
   180   183      0.5732    -60.1645 -55172.4225
   181   182      0.5732    -60.1645 -55232.5870
   181   200      0.5732    -60.1645 -55292.7515
   181   183      0.5732    -60.1645 -55352.9160
   182   189      0.5732    -60.1645 -55413.0805
   182   191      0.5732    -60.1645 -55473.2449
   182   199      0.5732    -60.1645 -55533.4094
   182   200      0.5732    -60.1645 -55593.5739
   188   190      0.5732    -60.1645 -55653.7384
   188   192      0.5732    -60.1645 -55713.9029
   188   189      0.5732    -60.1645 -55774.0674
   188   191      0.5732    -60.1645 -55834.2319
   189   190      0.5732    -60.1645 -55894.3964
   189   201      0.5732    -60.1645 -55954.5609
   189   191      0.5732    -60.1645 -56014.7254
   189   199      0.5732    -60.1645 -56074.8899
   199   201      0.5732    -60.1645 -56135.0544
   199   200      0.5732    -60.1645 -56195.2188
    82   149      0.5732    -60.1645 -56255.3833
    82   139      0.5732    -60.1645 -56315.5478
    82   150      0.0217     -1.8697 -56317.4175
    82   151      0.5732    -60.1645 -56377.5820
   150   192      0.5732    -60.1645 -56437.7465
   150   188      0.5732    -60.1645 -56497.9110
   150   151      0.5732    -60.1645 -56558.0755
    49   108      0.5732    -60.1645 -56618.2399
    49    64      0.5732    -60.1645 -56678.4044
    49   111      0.5732    -60.1645 -56738.5689
    49   112      0.0217     -1.8697 -56740.4386
    49    66      0.5732    -60.1645 -56800.6031
    49    67      0.0217     -1.8697 -56802.4727
    49   129      0.5732    -60.1645 -56862.6372
   111   112      0.5732    -60.1645 -56922.8017
   111   129      0.0217     -1.8697 -56924.6714
   112   166      0.5732    -60.1645 -56984.8359
   112   127      0.5732    -60.1645 -57045.0004
   112   129      0.5732    -60.1645 -57105.1648
   112   130      0.0217     -1.8697 -57107.0345
   112   183      0.5732    -60.1645 -57167.1990
    66    67      0.5732    -60.1645 -57227.3635
    66   129      0.0217     -1.8697 -57229.2331
    67    78      0.5732    -60.1645 -57289.3976
    67   126      0.5732    -60.1645 -57349.5621
    67   129      0.5732    -60.1645 -57409.7266
    67   130      0.0217     -1.8697 -57411.5963
    67   146      0.5732    -60.1645 -57471.7608
   129   130      0.5732    -60.1645 -57531.9253
   129   146      0.0217     -1.8697 -57533.7949
   129   183      0.0217     -1.8697 -57535.6646
   130   144      0.5732    -60.1645 -57595.8291
   130   180      0.5732    -60.1645 -57655.9936
   130   146      0.5732    -60.1645 -57716.1581
   130   183      0.5732    -60.1645 -57776.3225
