step: 0
  atom         nlp         elp       total
    36     -1.0000      0.0000      0.0000
    95      0.0000     -0.0000      0.0000
    98     -1.0000      0.0000      0.0000
    50      0.0000     -0.0000      0.0000
    53     -1.0000      0.0000      0.0000
   113     -1.0000      0.0000      0.0000
   116     -1.0000      0.0000      0.0000
   131      0.0000     -0.0000      0.0000
   168      0.0000     -0.0000      0.0000
    27     -1.0000      0.0000      0.0000
    29      0.0000     -0.0000      0.0000
    84      0.0000     -0.0000      0.0000
    86     -1.0000      0.0000      0.0000
    88     -1.0000      0.0000      0.0000
   153      0.0000     -0.0000      0.0000
     2     -1.0000      0.0000      0.0000
     5      0.0000     -0.0000      0.0000
     1     -1.0000      0.0000      0.0000
     3     -1.0000      0.0000      0.0000
     4     -1.0000      0.0000      0.0000
     8     -2.0000      0.0000      0.0000
    26     -1.0000      0.0000      0.0000
    28     -1.0000      0.0000      0.0000
    32     -2.0000      0.0000      0.0000
    34     -1.0000      0.0000      0.0000
    35     -1.0000      0.0000      0.0000
    37     -1.0000      0.0000      0.0000
    38     -2.0000      0.0000      0.0000
    39     -2.0000      0.0000      0.0000
    40     -2.0000      0.0000      0.0000
    41     -2.0000      0.0000      0.0000
    44     -2.0000      0.0000      0.0000
    83     -1.0000      0.0000      0.0000
    85     -2.0000      0.0000      0.0000
    87     -1.0000      0.0000      0.0000
    91     -2.0000      0.0000      0.0000
    96     -2.0000      0.0000      0.0000
    97     -1.0000      0.0000      0.0000
    99     -2.0000      0.0000      0.0000
   100     -2.0000      0.0000      0.0000
   101     -2.0000      0.0000      0.0000
   102     -2.0000      0.0000      0.0000
   103     -2.0000      0.0000      0.0000
   106     -2.0000      0.0000      0.0000
   152     -1.0000      0.0000      0.0000
   155     -1.0000      0.0000      0.0000
   156     -1.0000      0.0000      0.0000
   157     -1.0000      0.0000      0.0000
   158     -2.0000      0.0000      0.0000
   159     -1.0000      0.0000      0.0000
   160     -1.0000      0.0000      0.0000
   161     -2.0000      0.0000      0.0000
   164     -2.0000      0.0000      0.0000
   193     -1.0000      0.0000      0.0000
   194      0.0000     -0.0000      0.0000
    11      0.0000     -0.0000      0.0000
    12     -1.0000      0.0000      0.0000
    15     -1.0000      0.0000      0.0000
    23      0.0000     -0.0000      0.0000
    10     -1.0000      0.0000      0.0000
    13     -2.0000      0.0000      0.0000
    14     -1.0000      0.0000      0.0000
    18     -2.0000      0.0000      0.0000
    22     -1.0000      0.0000      0.0000
    25     -1.0000      0.0000      0.0000
    51     -1.0000      0.0000      0.0000
    52     -2.0000      0.0000      0.0000
    54     -2.0000      0.0000      0.0000
    55     -2.0000      0.0000      0.0000
    56     -2.0000      0.0000      0.0000
    57     -2.0000      0.0000      0.0000
    58     -2.0000      0.0000      0.0000
    61     -2.0000      0.0000      0.0000
    68     -1.0000      0.0000      0.0000
    69     -1.0000      0.0000      0.0000
    70     -1.0000      0.0000      0.0000
    71     -2.0000      0.0000      0.0000
    72     -1.0000      0.0000      0.0000
    73     -2.0000      0.0000      0.0000
    76     -2.0000      0.0000      0.0000
   114     -2.0000      0.0000      0.0000
   115     -2.0000      0.0000      0.0000
   117     -2.0000      0.0000      0.0000
   118     -2.0000      0.0000      0.0000
   119     -2.0000      0.0000      0.0000
   120     -2.0000      0.0000      0.0000
   121     -2.0000      0.0000      0.0000
   124     -2.0000      0.0000      0.0000
   132     -1.0000      0.0000      0.0000
   133     -1.0000      0.0000      0.0000
   134     -2.0000      0.0000      0.0000
   135     -2.0000      0.0000      0.0000
   136     -2.0000      0.0000      0.0000
   137     -1.0000      0.0000      0.0000
   138     -2.0000      0.0000      0.0000
   141     -2.0000      0.0000      0.0000
   169     -1.0000      0.0000      0.0000
   170     -1.0000      0.0000      0.0000
   171     -2.0000      0.0000      0.0000
   172     -2.0000      0.0000      0.0000
   173     -2.0000      0.0000      0.0000
   174     -1.0000      0.0000      0.0000
   175     -2.0000      0.0000      0.0000
   178     -2.0000      0.0000      0.0000
   184     -1.0000      0.0000      0.0000
   185     -1.0000      0.0000      0.0000
   186     -1.0000      0.0000      0.0000
   187     -2.0000      0.0000      0.0000
   190     -1.0000      0.0000      0.0000
   196      0.0000     -0.0000      0.0000
   197     -1.0000      0.0000      0.0000
   198     -1.0000      0.0000      0.0000
   201      0.0000     -0.0000      0.0000
    80     -1.0000      0.0000      0.0000
    81      0.0000     -0.0000      0.0000
   147      0.0000     -0.0000      0.0000
   148     -1.0000      0.0000      0.0000
   149     -1.0000      0.0000      0.0000
   192      0.0000     -0.0000      0.0000
    31     -1.0000      0.0000      0.0000
    90     -1.0000      0.0000      0.0000
    92      0.0000     -0.0000      0.0000
     6     -1.0000      0.0000      0.0000
     7     -1.0000      0.0000      0.0000
     9     -1.0000      0.0000      0.0000
    30     -1.0000      0.0000      0.0000
    33     -1.0000      0.0000      0.0000
    42     -2.0000      0.0000      0.0000
    43     -2.0000      0.0000      0.0000
    45     -1.0000      0.0000      0.0000
    46     -1.0000      0.0000      0.0000
    47     -1.0000      0.0000      0.0000
    48     -2.0000      0.0000      0.0000
    89     -2.0000      0.0000      0.0000
    93     -1.0000      0.0000      0.0000
    94     -1.0000      0.0000      0.0000
   104     -2.0000      0.0000      0.0000
   105     -2.0000      0.0000      0.0000
   107     -2.0000      0.0000      0.0000
   108     -2.0000      0.0000      0.0000
   109     -1.0000      0.0000      0.0000
   110     -2.0000      0.0000      0.0000
   154     -1.0000      0.0000      0.0000
   162     -2.0000      0.0000      0.0000
   163     -1.0000      0.0000      0.0000
   165     -1.0000      0.0000      0.0000
   166     -1.0000      0.0000      0.0000
   167     -1.0000      0.0000      0.0000
   195     -1.0000      0.0000      0.0000
    16     -1.0000      0.0000      0.0000
    19      0.0000     -0.0000      0.0000
    17     -2.0000      0.0000      0.0000
    20     -1.0000      0.0000      0.0000
    21     -1.0000      0.0000      0.0000
    24     -1.0000      0.0000      0.0000
    59     -2.0000      0.0000      0.0000
    60     -2.0000      0.0000      0.0000
    62     -2.0000      0.0000      0.0000
    63     -1.0000      0.0000      0.0000
    64     -2.0000      0.0000      0.0000
    65     -2.0000      0.0000      0.0000
    74     -1.0000      0.0000      0.0000
    75     -2.0000      0.0000      0.0000
    77     -1.0000      0.0000      0.0000
    78     -1.0000      0.0000      0.0000
    79     -1.0000      0.0000      0.0000
   122     -2.0000      0.0000      0.0000
   123     -2.0000      0.0000      0.0000
   125     -2.0000      0.0000      0.0000
   126     -2.0000      0.0000      0.0000
   127     -2.0000      0.0000      0.0000
   128     -2.0000      0.0000      0.0000
   139     -2.0000      0.0000      0.0000
   140     -2.0000      0.0000      0.0000
   142     -2.0000      0.0000      0.0000
   143     -1.0000      0.0000      0.0000
   144     -1.0000      0.0000      0.0000
   145     -1.0000      0.0000      0.0000
   176     -2.0000      0.0000      0.0000
   177     -2.0000      0.0000      0.0000
   179     -2.0000      0.0000      0.0000
   180     -1.0000      0.0000      0.0000
   181     -1.0000      0.0000      0.0000
   182     -1.0000      0.0000      0.0000
   188     -1.0000      0.0000      0.0000
   189     -1.0000      0.0000      0.0000
   191     -1.0000      0.0000      0.0000
   199     -1.0000      0.0000      0.0000
   200      0.0000     -0.0000      0.0000
    82     -1.0000      0.0000      0.0000
   150     -1.0000      0.0000      0.0000
   151      0.0000     -0.0000      0.0000
    49     -1.0000      0.0000      0.0000
   111      0.0000     -0.0000      0.0000
   112     -1.0000      0.0000      0.0000
    66      0.0000     -0.0000      0.0000
    67     -1.0000      0.0000      0.0000
   129     -1.0000      0.0000      0.0000
   130     -1.0000      0.0000      0.0000
   146      0.0000     -0.0000      0.0000
   183      0.0000     -0.0000      0.0000
