      29       5       3      26      41       7      30
       5       3       4       8      11      15      13
       2       5       1       4       8      26      37      38      41
       2       3      34      37      38      11      10      13      54
       2       1       3       8       6       7
       5       8      15       7       9      19      17
       5       1       8      41       6       9      30      42      45
       2       5       3      38      41      15      13      58       6       7      42      17
       6       7      42      45      46      19      17      20      62
      50       4      34      11      14      51      54
       2       4      12      10      13      14
      11      15      23      13      14      18      22
       2       4       8      38      11      12      15      14      18      54      55      58
      11      12      10      13      22      51      54      55      69
       2       8      12      13      18       6      16      17
      15      23      18      19      17      21      24
       8      15      18      58       6       9      42      16      19      21      59      62
      12      15      23      13      22      55      58      73      16      17      24      59
       6       9      16      17      20      21
       9      46      19      21      62      63      66
      16      19      17      20      24      59      62      63      77
      12      23      14      18      25      55      69      70      73
      12      18      22      25      16      24
      23      18      25      73      16      21      59      74      77
      23      22      70      73      81      24      74
      27      29       1       3      28      32      37      39      41
      29      84      88      26      28      32      85
      27      84      26      35      37      39      83      85      99
      27       1      26      32      31      30
      29       1      32      41      31       7      33      43      45
      29      88      32      92      30      33      89
      27      29      88      26      39      41      85     103      31      30      43      89
      31      92      30      43      45      47      89      93     107
      36      50       4      35      37      40      10      52      54
      36      95      28      34      37      40      83      96      99
      95      50     113      34      35      96      52
       3       4      26      28      34      35      38      39      40
       3       4       8      37      39      40      41      44      13      54      56      58
      26      28      32      37      38      40      41      44      85      99     100     103
      34      35      37      38      39      96      99     100      52      54      56     117
       1       3       8      26      32      38      39      44       7      30      42      43
       8      41      44      58       7       9      43      45      48      17      60      62
      32      41      44     103      30      33      42      45      48      89     104     107
      38      39      41     100     103      56      58     121      42      43     104      60
       7       9      30      33      42      43      46      47      48
       9      45      47      48      20      62      64      49      66
      33      45      46      48      93     107     108      49     111
      42      43      45      46      47     104     107     108      60      62      64     125
      46      47     108      64     111      66     129
      36      53      34      10      51      52
      50      53      10      14      52      54      57      68      69
      36      50      53     113      34      40      96      51      54      57     114     117
      50     113     131      51      52      68     114
       4      34      38      40      10      13      14      51      52      55      56      57
      13      14      18      22      54      56      57      58      61      69      71      73
      38      40      44     100      54      55      57      58      61     117     118     121
      51      52      54      55      56      68      69      71     114     117     118     134
       8      38      44      13      18      55      56      61      42      17      59      60
      18      58      61      73      17      21      24      60      62      65      75      77
      44      58      61     121      42      48     104      59      62      65     122     125
      55      56      58      71      73     118     121     138      59      60      75     122
       9      42      46      48      17      20      21      59      60      63      64      65
      20      21      62      64      65      77      78      66      67
      46      48     108      62      63      65     125     126      49      66      67     129
      59      60      62      63      64      75      77      78     122     125     126     142
      46      20      63      64      49      67
      63      64      78     126      66     129     146
      53     131      51      57      69      72     114     132     134
      14      22      51      55      57      68      70      71      72
      22      25      69      71      72      73      76      80      81
      55      57      61      69      70      72      73      76     118     134     135     138
      68      69      70      71     132     134     135      80     147
      18      22      25      55      61      70      71      76      24      59      74      75
      25      73      76      81      24      75      77      79      82
      61      73      76     138      59      65      74      77      79     122     139     142
      70      71      73     135     138      80      81     149      74      75     139      82
      21      24      59      63      65      74      75      78      79
      63      65      77      79     126     142     143      67     146
      74      75      77      78     139     142     143      82     151
      70      72      76     135      81     147     149
      25      70      76      80      74      82
      76      81     149      74      79     139     151
      95      84      28      35      87      97      99
      27      86      28      83      85      87
      27      84      86      88      28      32      39      87      91      99     101     103
      84      88     153      85      87      91     152
      84      86      83      85      97      99     101     152     157
      27      86      32      85      91      31      90      89
      88      32      91     103      31      90      92      33      43      94     105     107
      88     153      91      92      89      94     154
      86      88     153      85     101     103     152     161      90      89     105     154
      31      90      33      89      93      94
      92      33      47      94     107     109     111
      90      92      89      93     105     107     109     154     165
      36      98      35      83      96      97
      36      95      98     113      35      40      97      99     102      52     115     117
      95      98      83      87      96      99     102     156     157
      95     113     168      96      97     156     115
      28      35      39      40      83      85      87      96      97     100     101     102
      39      40      44      99     101     102     103     106      56     117     119     121
      85      87      91      99     100     102     103     106     152     157     158     161
      96      97      99     100     101     156     157     158     115     117     119     171
      32      39      44      85      91     100     101     106      43      89     104     105
      44     103     106     121      43      48     105     107     110      60     123     125
      91     103     106     161      89      94     104     107     110     154     162     165
     100     101     103     158     161     119     121     175     104     105     162     123
      33      43      47      48      89      93      94     104     105     108     109     110
      47      48     107     109     110      64     125     127      49     111     112     129
      93      94     107     108     110     165     166     111     112
     104     105     107     108     109     162     165     166     123     125     127     179
      47      93     108     109      49     112
     108     109     166     127     111     129     183
      36      98      53     116      96      52     114     115
      53     113     116     131      52      57      68     115     117     120     133     134
      98     113     116     168      96     102     156     114     117     120     169     171
     113     131     168     114     115     133     169
      40      96     100     102      52      56      57     114     115     118     119     120
      56      57      61      71     117     119     120     121     124     134     136     138
     100     102     106     158     117     118     120     121     124     171     172     175
     114     115     117     118     119     133     134     136     169     171     172     184
      44     100     106      56      61     118     119     124     104      60     122     123
      61     121     124     138      60      65      75     123     125     128     140     142
     106     121     124     175     104     110     162     122     125     128     176     179
     118     119     121     136     138     172     175     187     122     123     140     176
      48     104     108     110      60      64      65     122     123     126     127     128
      64      65      78     125     127     128     142     144      67     129     130     146
     108     110     166     125     126     128     179     180     112     129     130     183
     122     123     125     126     127     140     142     144     176     179     180     191
     108      64     126     127      49     112      67     130
     126     127     144     180     129     146     183
      53     116      68     114     132     133
     131      68      72     133     134     137     147
     116     131     114     120     132     134     137     169     184
      57      68      71      72     114     118     120     132     133     135     136     137
      71      72      76     134     136     137     138     141      80     147     148     149
     118     120     124     134     135     137     138     141     172     184     185     187
     132     133     134     135     136     184     185     147     148
      61      71      76     118     124     135     136     141      75     122     139     140
      76     138     141     149      75      79     140     142     145      82     150     151
     124     138     141     187     122     128     139     142     145     176     188     191
     135     136     138     185     187     148     149     192     139     140     188     150
      65      75      78      79     122     126     128     139     140     143     144     145
      78      79     142     144     145     151     146
     126     128     142     143     145     180     191     130     146
     139     140     142     143     144     188     191     150     151
      78     126     143     144      67     130
      72     132     135     137      80     148
     135     137     141     185     147     149     192
      76     135     141      80     148     139      82     150
     141     149     192     139     145     188     151
      79     139     143     145      82     150
      86     153      87      91     101     155     157     159     161
      86      91     152     155      90     154
     153      91     155     161      90      94     105     163     165
     153     152     159     161     194     154     163
      98     168      97     102     157     160     115     170     171
      87      97     101     102     152     156     158     159     160
     101     102     106     157     159     160     161     164     119     171     173     175
     152     155     157     158     160     161     164     193     194
     156     157     158     159     193     170     171     173     196
      91     101     106     152     155     158     159     164     105     154     162     163
     106     161     164     175     105     110     163     165     167     123     177     179
     155     161     164     194     154     162     165     167     195
     158     159     161     193     194     173     175     198     162     163     195     177
      94     105     109     110     154     162     163     166     167
     109     110     165     167     127     179     181     112     183
     162     163     165     166     195     177     179     181     200
      98     116     156     115     169     170
     116     168     115     120     133     170     171     174     184
     168     156     160     169     171     174     196
     102     156     158     160     115     119     120     169     170     172     173     174
     119     120     124     136     171     173     174     175     178     184     186     187
     158     160     164     193     171     172     174     175     178     196     197     198
     169     170     171     172     173     184     186     196     197
     106     158     164     119     124     172     173     178     162     123     176     177
     124     175     178     187     123     128     140     177     179     182     189     191
     164     175     178     198     162     167     195     176     179     182     199     200
     172     173     175     186     187     197     198     201     176     177     189     199
     110     162     166     167     123     127     128     176     177     180     181     182
     127     128     144     179     181     182     191     130     183
     166     167     179     180     182     200     183
     176     177     179     180     181     189     191     199     200
     166     127     180     181     112     130
     120     133     136     137     169     172     174     185     186
     136     137     141     184     186     187     190     148     192
     172     174     178     184     185     187     190     197     201
     124     136     141     172     178     185     186     190     140     176     188     189
     141     187     190     192     140     145     189     191     150
     178     187     190     201     176     182     188     191     199
     185     186     187     201     192     188     189
     128     140     144     145     176     180     182     188     189
     141     185     190     148     188     150
     159     160     164     194     173     196     198
     155     159     164     193     163     195
     164     194     198     163     167     177     200
     160     193     170     173     174     197
     173     174     178     186     196     198     201
     164     193     173     178     197     195     177     199
     178     198     201     177     182     189     200
     167     195     177     181     182     199
     178     186     190     197     189     199
