    0.000000  874.841015
    1.667820  823.940252
    3.335641  734.682798
    5.003461  660.049761
    6.671282  569.185787
    8.339102  498.455654
   10.006923  428.413884
   11.674743  393.004427
   13.342564  365.520633
   15.010384  338.745987
   16.678205  301.943827
   18.346025  268.032574
   20.013846  275.771650
   21.681666  237.498985
   23.349487  218.339204
   25.017307  205.263768
   26.685128  196.008929
   28.352948  169.335471
   30.020769  178.004715
   31.688589  163.669409
   33.356410  155.265418
   35.024231  145.972691
   36.692051  132.289949
   38.359871  121.919342
   40.027692  117.046007
   41.695512  110.036334
   43.363333  108.121360
   45.031154   95.565881
   46.698974   97.329944
   48.366794   91.805568
   50.034615   84.790255
   51.702435   84.678151
   53.370256   78.338229
   55.038076   68.068874
   56.705897   69.593668
   58.373717   68.376426
   60.041538   62.437384
   61.709359   62.186350
   63.377179   55.542762
   65.044999   53.172018
   66.712820   49.574882
   68.380640   47.220978
   70.048461   42.338583
   71.716281   40.172766
   73.384102   42.634787
   75.051922   36.847745
   76.719743   35.669385
   78.387563   32.760531
   80.055384   34.240471
   81.723204   31.852926
   83.391025   31.484314
   85.058845   27.829246
   86.726666   27.122332
   88.394486   24.502424
   90.062307   26.108018
   91.730127   24.523755
   93.397948   23.865116
   95.065768   21.878845
   96.733589   20.075807
   98.401409   19.543765
  100.069230   18.950293
  101.737050   18.203853
  103.404871   18.566209
  105.072691   17.112124
  106.740512   15.550802
  108.408332   15.788070
  110.076153   14.641769
  111.743973   14.416339
  113.411794   14.262952
  115.079614   13.154281
  116.747435   12.272966
  118.415255   11.950027
  120.083076   11.417919
  121.750896   11.468161
  123.418717   10.405742
  125.086537   10.718799
  126.754358    9.433715
  128.422179    9.238026
  130.089999    8.449169
  131.757819    8.840330
  133.425640    8.344821
  135.093460    8.554779
  136.761281    8.081052
  138.429102    7.835816
  140.096922    7.930666
  141.764742    6.695192
  143.432563    7.215262
  145.100383    6.474360
  146.768204    6.291848
  148.436025    5.864977
  150.103845    6.062441
  151.771665    5.599425
  153.439486    5.386694
  155.107306    5.250774
  156.775127    5.097271
  158.442947    4.735002
  160.110768    4.916142
  161.778588    4.750298
  163.446409    4.450405
  165.114229    4.486169
  166.782050    4.526665
  168.449870    4.134828
  170.117691    4.000799
  171.785511    3.960781
  173.453332    3.757717
  175.121152    3.678262
  176.788973    3.271177
  178.456793    3.555356
  180.124614    3.467370
  181.792434    3.362511
  183.460255    3.039989
  185.128075    3.038603
  186.795896    2.919009
  188.463717    2.685805
  190.131537    2.520083
  191.799357    2.558121
  193.467178    2.642302
  195.134998    2.405368
  196.802819    2.497344
  198.470639    2.124482
  200.138460    2.260360
  201.806280    2.172801
  203.474101    2.283452
  205.141921    1.987006
  206.809742    2.062463
  208.477562    1.857098
  210.145383    1.922879
  211.813203    1.877650
  213.481024    1.728739
  215.148844    1.756717
  216.816665    1.638364
  218.484485    1.609815
  220.152306    1.659278
  221.820126    1.420246
  223.487947    1.608796
  225.155767    1.386785
  226.823588    1.385683
  228.491408    1.391413
  230.159229    1.458972
  231.827049    1.419533
  233.494870    1.339266
  235.162690    1.196293
  236.830511    1.291704
  238.498331    1.212009
  240.166152    1.187085
  241.833972    1.106831
  243.501793    1.080798
  245.169613    1.103765
  246.837434    1.080402
  248.505254    1.045882
  250.173075    0.968004
  251.840895    0.975625
  253.508716    1.068835
  255.176536    0.911157
  256.844357    0.906778
  258.512177    0.953137
  260.179998    0.851134
  261.847818    0.832102
  263.515639    0.842060
  265.183459    0.789438
  266.851280    0.790907
  268.519100    0.767735
  270.186921    0.794955
  271.854741    0.773273
  273.522562    0.704587
  275.190382    0.742931
  276.858203    0.654223
  278.526023    0.672714
  280.193844    0.741959
  281.861664    0.645774
  283.529485    0.665525
  285.197305    0.616681
  286.865126    0.588185
  288.532946    0.615813
  290.200767    0.574707
  291.868587    0.586397
  293.536408    0.538958
  295.204228    0.562108
  296.872049    0.553344
  298.539869    0.497542
  300.207690    0.526496
  301.875511    0.485853
  303.543331    0.494749
  305.211151    0.497576
  306.878972    0.466543
  308.546792    0.465489
  310.214613    0.417626
  311.882433    0.428598
  313.550254    0.398266
  315.218074    0.435008
  316.885895    0.444874
  318.553716    0.381729
  320.221536    0.408477
  321.889356    0.386229
  323.557177    0.376255
  325.224997    0.373813
  326.892818    0.381266
  328.560638    0.351359
  330.228459    0.332027
  331.896279    0.350622
  333.564100    0.323607
  335.231921    0.332759
  336.899741    0.342546
  338.567561    0.308981
  340.235382    0.332355
  341.903202    0.322655
  343.571023    0.296600
  345.238843    0.297171
  346.906664    0.279289
  348.574484    0.289632
  350.242305    0.270906
  351.910125    0.262336
  353.577946    0.271312
  355.245767    0.255480
  356.913587    0.258751
  358.581407    0.251005
  360.249228    0.250824
  361.917048    0.224112
  363.584869    0.244438
  365.252689    0.227928
  366.920510    0.221968
  368.588330    0.237463
  370.256151    0.228557
  371.923971    0.214850
  373.591792    0.211951
  375.259612    0.218674
  376.927433    0.212475
  378.595253    0.206411
  380.263074    0.215178
  381.930894    0.218596
  383.598715    0.207624
  385.266535    0.195723
  386.934356    0.184576
  388.602176    0.184451
  390.269997    0.192248
  391.937817    0.172985
  393.605638    0.175730
  395.273458    0.184632
  396.941279    0.171800
  398.609099    0.168041
  400.276920    0.165807
  401.944740    0.157179
  403.612561    0.170616
  405.280381    0.173799
  406.948202    0.154680
  408.616022    0.159337
  410.283843    0.151598
  411.951663    0.154112
  413.619484    0.154686
  415.287304    0.151300
  416.955125    0.149064
  418.622945    0.138392
  420.290766    0.145295
  421.958586    0.136029
  423.626407    0.135651
  425.294227    0.131293
  426.962048    0.132923
  428.629868    0.133344
  430.297689    0.129546
  431.965509    0.129325
  433.633330    0.126049
  435.301151    0.118501
  436.968971    0.113292
  438.636791    0.119842
  440.304612    0.122593
  441.972432    0.106361
  443.640253    0.109818
  445.308073    0.100336
  446.975894    0.111964
  448.643714    0.101628
  450.311535    0.104838
  451.979355    0.103487
  453.647176    0.104286
  455.314996    0.102602
  456.982817    0.106970
  458.650637    0.101608
  460.318458    0.101442
  461.986278    0.100168
  463.654099    0.094858
  465.321919    0.093166
  466.989740    0.097480
  468.657560    0.094362
  470.325381    0.094856
  471.993201    0.094412
  473.661022    0.084646
  475.328842    0.096438
  476.996663    0.085037
  478.664483    0.091718
  480.332304    0.079806
  482.000124    0.080510
  483.667945    0.078178
  485.335765    0.080582
  487.003586    0.081227
  488.671406    0.073967
  490.339227    0.078191
  492.007047    0.076777
  493.674868    0.074190
  495.342688    0.073771
  497.010509    0.072590
  498.678329    0.076275
  500.346150    0.073146
  502.013970    0.074919
  503.681791    0.073325
  505.349611    0.074308
  507.017432    0.071680
  508.685252    0.070542
  510.353073    0.073489
  512.020893    0.071918
  513.688714    0.073219
  515.356534    0.063859
  517.024355    0.066805
  518.692175    0.063741
  520.359996    0.065043
  522.027816    0.067437
  523.695637    0.060672
  525.363457    0.068179
  527.031278    0.063254
  528.699098    0.061396
  530.366919    0.063636
  532.034739    0.058454
  533.702560    0.058420
  535.370381    0.063216
  537.038201    0.056330
  538.706021    0.062060
  540.373842    0.059458
  542.041662    0.057916
  543.709483    0.056974
  545.377304    0.056836
  547.045124    0.059383
  548.712944    0.059247
  550.380765    0.058007
  552.048585    0.055918
  553.716406    0.053456
  555.384226    0.049956
  557.052047    0.051518
  558.719867    0.053134
  560.387688    0.048434
  562.055508    0.053516
  563.723329    0.051905
  565.391149    0.053121
  567.058970    0.050959
  568.726790    0.048005
  570.394611    0.047780
  572.062431    0.050050
  573.730252    0.047047
  575.398072    0.051032
  577.065893    0.048162
  578.733714    0.045644
  580.401534    0.045184
  582.069354    0.048316
  583.737175    0.045874
  585.404995    0.049639
  587.072816    0.046565
  588.740636    0.049386
  590.408457    0.045605
  592.076277    0.042978
  593.744098    0.043947
  595.411918    0.045524
  597.079739    0.045697
  598.747559    0.045353
  600.415380    0.045508
  602.083200    0.043930
  603.751021    0.044811
  605.418841    0.044839
  607.086662    0.041924
  608.754482    0.042843
  610.422303    0.043987
  612.090124    0.044092
  613.757944    0.043658
  615.425764    0.042390
  617.093585    0.041186
  618.761405    0.040597
  620.429226    0.042119
  622.097046    0.041642
  623.764867    0.040080
  625.432687    0.044967
  627.100508    0.042956
  628.768328    0.040439
  630.436149    0.042944
  632.103969    0.044545
  633.771790    0.044376
  635.439610    0.040029
  637.107431    0.041672
  638.775251    0.040350
  640.443072    0.040238
  642.110892    0.042032
  643.778713    0.039575
  645.446533    0.041977
  647.114354    0.042336
  648.782174    0.040952
  650.449995    0.042282
  652.117816    0.042073
  653.785636    0.040301
  655.453456    0.041725
  657.121277    0.039871
  658.789097    0.043357
  660.456918    0.038575
  662.124739    0.040694
  663.792559    0.040946
  665.460379    0.041995
  667.128200    0.035867
  668.796020    0.040551
  670.463841    0.036305
  672.131661    0.035597
  673.799482    0.037987
  675.467302    0.035986
  677.135123    0.038946
  678.802943    0.039972
  680.470764    0.038687
  682.138584    0.038546
  683.806405    0.040470
  685.474225    0.038502
  687.142046    0.038213
  688.809866    0.038632
  690.477687    0.041165
  692.145507    0.039172
  693.813328    0.042197
  695.481149    0.040757
  697.148969    0.036455
  698.816789    0.039886
  700.484610    0.037008
  702.152430    0.038295
  703.820251    0.035176
  705.488071    0.036056
  707.155892    0.041687
  708.823712    0.038701
  710.491533    0.042558
  712.159353    0.041161
  713.827174    0.039475
  715.494994    0.035496
  717.162815    0.037616
  718.830635    0.039298
  720.498456    0.039679
  722.166276    0.037883
  723.834097    0.040539
  725.501917    0.042734
  727.169738    0.037964
  728.837559    0.040842
  730.505379    0.041549
  732.173199    0.036513
  733.841020    0.041054
  735.508840    0.036939
  737.176661    0.036630
  738.844481    0.041151
  740.512302    0.040469
  742.180122    0.038865
  743.847943    0.040326
  745.515763    0.042814
  747.183584    0.040058
  748.851404    0.038784
  750.519225    0.043354
  752.187045    0.041165
  753.854866    0.039978
  755.522686    0.037449
  757.190507    0.038134
  758.858327    0.038686
  760.526148    0.042058
  762.193968    0.039300
  763.861789    0.038008
  765.529609    0.041582
  767.197430    0.042923
  768.865251    0.041088
  770.533071    0.041273
  772.200891    0.039311
  773.868712    0.038704
  775.536532    0.037983
  777.204353    0.041806
  778.872173    0.037458
  780.539994    0.043578
  782.207814    0.040962
  783.875635    0.042052
  785.543455    0.041078
  787.211276    0.043829
  788.879096    0.040105
  790.546917    0.042014
  792.214737    0.041353
  793.882558    0.044747
  795.550378    0.041452
  797.218199    0.041406
  798.886019    0.038672
  800.553840    0.040288
  802.221660    0.040637
  803.889481    0.040133
  805.557301    0.043953
  807.225122    0.041486
  808.892942    0.040535
  810.560763    0.041564
  812.228584    0.040575
  813.896404    0.041812
  815.564224    0.041080
  817.232045    0.041109
  818.899865    0.044987
  820.567686    0.044403
  822.235506    0.041665
  823.903327    0.044327
  825.571147    0.040480
  827.238968    0.045279
  828.906788    0.042604
  830.574609    0.041347
  832.242429    0.045049
  833.910250    0.041797
  835.578070    0.045741
  837.245891    0.043976
  838.913711    0.044407
  840.581532    0.046742
  842.249352    0.042827
  843.917173    0.045291
  845.584993    0.049261
  847.252814    0.044378
  848.920634    0.045592
  850.588455    0.045222
  852.256275    0.044943
  853.924096    0.046031
  855.591916    0.044731
  857.259737    0.044045
  858.927557    0.045094
  860.595378    0.046831
  862.263198    0.041434
  863.931019    0.047124
  865.598839    0.040582
  867.266660    0.046775
  868.934480    0.042622
  870.602301    0.045629
  872.270121    0.045634
  873.937942    0.047697
  875.605762    0.047141
  877.273583    0.046474
  878.941403    0.046028
  880.609224    0.048407
  882.277044    0.042320
  883.944865    0.044192
  885.612685    0.045531
  887.280506    0.045087
  888.948326    0.043734
  890.616147    0.046655
  892.283967    0.047680
  893.951788    0.044598
  895.619608    0.045168
  897.287429    0.048496
  898.955249    0.047996
  900.623070    0.046480
  902.290890    0.046647
  903.958711    0.044213
  905.626531    0.046868
  907.294352    0.044452
  908.962172    0.044842
  910.629993    0.045807
  912.297813    0.044303
  913.965634    0.041948
  915.633454    0.046772
  917.301275    0.046894
  918.969095    0.047285
  920.636916    0.046817
  922.304736    0.046452
  923.972557    0.044186
  925.640377    0.048364
  927.308198    0.045174
  928.976019    0.046729
  930.643839    0.043587
  932.311659    0.042419
  933.979480    0.043588
  935.647300    0.047625
  937.315121    0.049156
  938.982941    0.047630
  940.650762    0.048665
  942.318582    0.044105
  943.986403    0.045956
  945.654223    0.046744
  947.322044    0.044470
  948.989864    0.049457
  950.657685    0.048454
  952.325505    0.045380
  953.993326    0.048548
  955.661146    0.049974
  957.328967    0.047988
  958.996787    0.047614
  960.664608    0.046873
  962.332428    0.047866
  964.000249    0.049407
  965.668069    0.052120
  967.335890    0.041992
  969.003710    0.051106
  970.671531    0.047754
  972.339351    0.047189
  974.007172    0.047332
  975.674992    0.047328
  977.342813    0.047486
  979.010633    0.048648
  980.678454    0.046291
  982.346274    0.049242
  984.014095    0.047467
  985.681915    0.047753
  987.349736    0.049127
  989.017556    0.048462
  990.685377    0.047715
  992.353197    0.042304
  994.021018    0.047001
  995.688838    0.048285
  997.356659    0.046273
  999.024479    0.044810
 1000.692300    0.048016
 1002.360120    0.048742
 1004.027941    0.047697
 1005.695761    0.043874
 1007.363582    0.048924
 1009.031402    0.047879
 1010.699223    0.051057
 1012.367043    0.044383
 1014.034864    0.050903
 1015.702684    0.053503
 1017.370505    0.049052
 1019.038325    0.049870
 1020.706146    0.047036
 1022.373966    0.049638
 1024.041787    0.050463
 1025.709607    0.048758
 1027.377428    0.049883
 1029.045248    0.047225
 1030.713069    0.050704
 1032.380889    0.046930
 1034.048710    0.050637
 1035.716530    0.051741
 1037.384351    0.050194
 1039.052171    0.048463
 1040.719992    0.050185
 1042.387812    0.048756
 1044.055633    0.053135
 1045.723454    0.049911
 1047.391274    0.047988
 1049.059094    0.051917
 1050.726915    0.049148
 1052.394736    0.054786
 1054.062556    0.048045
 1055.730376    0.050380
 1057.398197    0.051780
 1059.066017    0.049913
 1060.733838    0.048667
 1062.401658    0.048225
 1064.069479    0.052650
 1065.737299    0.051093
 1067.405120    0.049583
 1069.072940    0.052819
 1070.740761    0.051549
 1072.408581    0.055457
 1074.076402    0.048411
 1075.744222    0.051949
 1077.412043    0.053913
 1079.079863    0.051648
 1080.747684    0.053433
 1082.415504    0.048588
 1084.083325    0.052615
 1085.751145    0.046476
 1087.418966    0.051273
 1089.086786    0.048802
 1090.754607    0.047447
 1092.422427    0.051598
 1094.090248    0.052007
 1095.758069    0.051817
 1097.425889    0.054119
 1099.093709    0.051362
 1100.761530    0.050112
 1102.429350    0.053352
 1104.097171    0.054516
 1105.764991    0.049996
 1107.432812    0.052294
 1109.100632    0.051843
 1110.768453    0.054167
 1112.436273    0.052557
 1114.104094    0.056174
 1115.771915    0.052668
 1117.439735    0.054703
 1119.107555    0.052815
 1120.775376    0.058284
 1122.443196    0.052254
 1124.111017    0.053338
 1125.778837    0.054102
 1127.446658    0.053797
 1129.114478    0.053432
 1130.782299    0.055829
 1132.450120    0.054023
 1134.117940    0.056499
 1135.785760    0.058494
 1137.453581    0.057880
 1139.121401    0.052605
 1140.789222    0.054691
 1142.457042    0.055054
 1144.124863    0.059173
 1145.792683    0.055626
 1147.460504    0.055755
 1149.128324    0.052979
 1150.796145    0.057222
 1152.463965    0.058468
 1154.131786    0.055779
 1155.799606    0.052738
 1157.467427    0.056112
 1159.135247    0.055853
 1160.803068    0.055810
 1162.470889    0.056071
 1164.138709    0.058056
 1165.806529    0.054835
 1167.474350    0.059528
 1169.142170    0.055168
 1170.809991    0.060143
 1172.477811    0.058842
 1174.145632    0.056942
 1175.813452    0.057721
 1177.481273    0.054109
 1179.149093    0.056244
 1180.816914    0.057605
 1182.484735    0.056131
 1184.152555    0.057604
 1185.820375    0.053471
 1187.488196    0.056343
 1189.156016    0.058775
 1190.823837    0.054152
 1192.491657    0.058517
 1194.159478    0.055138
 1195.827298    0.054242
 1197.495119    0.056243
 1199.162939    0.063036
 1200.830760    0.058741
 1202.498580    0.061047
 1204.166401    0.061328
 1205.834221    0.053398
 1207.502042    0.056434
 1209.169862    0.061860
 1210.837683    0.058586
 1212.505504    0.059141
 1214.173324    0.060844
 1215.841144    0.062684
 1217.508965    0.058522
 1219.176785    0.058756
 1220.844606    0.059761
 1222.512426    0.060441
 1224.180247    0.054579
 1225.848067    0.060792
 1227.515888    0.056958
 1229.183708    0.059014
 1230.851529    0.059627
 1232.519350    0.064843
 1234.187170    0.060937
 1235.854990    0.060277
 1237.522811    0.061079
 1239.190631    0.059533
 1240.858452    0.065250
 1242.526272    0.058447
 1244.194093    0.065422
 1245.861913    0.060437
 1247.529734    0.060405
 1249.197555    0.057743
 1250.865375    0.060874
 1252.533195    0.060450
 1254.201016    0.062716
 1255.868836    0.058740
 1257.536657    0.061424
 1259.204477    0.059943
 1260.872298    0.060693
 1262.540118    0.062276
 1264.207939    0.059446
 1265.875759    0.061217
 1267.543580    0.062680
 1269.211400    0.063507
 1270.879221    0.058852
 1272.547041    0.058142
 1274.214862    0.059320
 1275.882682    0.065625
 1277.550503    0.065675
 1279.218323    0.058140
 1280.886144    0.056252
 1282.553964    0.062121
 1284.221785    0.061652
 1285.889605    0.067282
 1287.557426    0.062746
 1289.225246    0.065961
 1290.893067    0.063053
 1292.560887    0.061265
 1294.228708    0.062461
 1295.896528    0.067489
 1297.564349    0.058866
 1299.232170    0.063791
 1300.899990    0.064844
 1302.567810    0.063274
 1304.235631    0.069719
 1305.903451    0.063800
 1307.571272    0.063401
 1309.239092    0.067520
 1310.906913    0.063065
 1312.574733    0.065880
 1314.242554    0.065658
 1315.910374    0.063466
 1317.578195    0.065887
 1319.246015    0.068192
 1320.913836    0.066331
 1322.581656    0.064689
 1324.249477    0.063053
 1325.917297    0.060661
 1327.585118    0.064010
 1329.252939    0.068032
 1330.920759    0.067564
 1332.588579    0.070530
 1334.256400    0.066407
 1335.924220    0.065567
 1337.592041    0.072175
 1339.259861    0.063100
 1340.927682    0.069163
 1342.595502    0.066797
 1344.263323    0.068877
 1345.931143    0.067220
 1347.598964    0.066387
 1349.266784    0.066125
 1350.934605    0.067139
 1352.602425    0.068909
 1354.270246    0.063888
 1355.938066    0.065063
 1357.605887    0.065814
 1359.273707    0.067336
 1360.941528    0.069472
 1362.609348    0.066457
 1364.277169    0.063876
 1365.944990    0.071962
 1367.612810    0.071276
 1369.280630    0.070176
 1370.948451    0.068075
 1372.616271    0.066156
 1374.284092    0.071809
 1375.951912    0.064159
 1377.619733    0.072191
 1379.287553    0.067390
 1380.955374    0.070821
 1382.623194    0.067545
 1384.291015    0.075217
 1385.958835    0.072204
 1387.626656    0.066102
 1389.294476    0.070921
 1390.962297    0.069662
 1392.630117    0.064257
 1394.297938    0.070537
 1395.965758    0.065940
 1397.633579    0.067369
 1399.301399    0.071867
 1400.969220    0.073848
 1402.637040    0.074414
 1404.304861    0.071754
 1405.972681    0.064848
 1407.640502    0.076730
 1409.308322    0.068264
 1410.976143    0.072129
 1412.643963    0.072427
 1414.311784    0.069100
 1415.979605    0.073326
 1417.647425    0.071474
 1419.315245    0.071108
 1420.983066    0.071958
 1422.650886    0.070443
 1424.318707    0.068323
 1425.986527    0.068945
 1427.654348    0.071498
 1429.322168    0.066150
 1430.989989    0.071265
 1432.657809    0.069980
 1434.325630    0.069765
 1435.993450    0.071585
 1437.661271    0.069391
 1439.329091    0.070931
 1440.996912    0.066883
 1442.664732    0.080883
 1444.332553    0.069702
 1446.000373    0.069180
 1447.668194    0.072827
 1449.336014    0.068647
 1451.003835    0.070900
 1452.671655    0.070884
 1454.339476    0.067575
 1456.007296    0.074331
 1457.675117    0.073125
 1459.342937    0.074137
 1461.010758    0.070721
 1462.678578    0.070214
 1464.346399    0.071203
 1466.014219    0.073595
 1467.682040    0.071837
 1469.349860    0.070610
 1471.017681    0.073240
 1472.685501    0.075486
 1474.353322    0.075494
 1476.021142    0.073775
 1477.688963    0.076127
 1479.356783    0.070838
 1481.024604    0.074929
 1482.692425    0.074478
 1484.360245    0.073243
 1486.028065    0.077454
 1487.695886    0.073386
 1489.363706    0.072983
 1491.031527    0.065780
 1492.699347    0.071679
 1494.367168    0.073319
 1496.034988    0.069048
 1497.702809    0.076738
 1499.370629    0.078883
 1501.038450    0.073102
 1502.706270    0.079303
 1504.374091    0.074068
 1506.041911    0.077627
 1507.709732    0.071606
 1509.377552    0.077916
 1511.045373    0.075776
 1512.713193    0.072529
 1514.381014    0.074568
 1516.048834    0.075578
 1517.716655    0.073691
 1519.384475    0.072306
 1521.052296    0.072627
 1522.720116    0.074451
 1524.387937    0.078338
 1526.055757    0.071864
 1527.723578    0.076735
 1529.391398    0.071175
 1531.059219    0.071507
 1532.727040    0.081385
 1534.394860    0.082582
 1536.062680    0.074376
 1537.730501    0.074796
 1539.398321    0.079213
 1541.066142    0.075196
 1542.733962    0.076712
 1544.401783    0.072544
 1546.069603    0.075330
 1547.737424    0.074346
 1549.405244    0.077083
 1551.073065    0.081298
 1552.740885    0.074930
 1554.408706    0.074522
 1556.076526    0.070926
 1557.744347    0.077767
 1559.412167    0.076061
 1561.079988    0.074904
 1562.747808    0.084840
 1564.415629    0.076047
 1566.083449    0.080822
 1567.751270    0.076684
 1569.419090    0.079915
 1571.086911    0.076311
 1572.754731    0.084822
 1574.422552    0.076222
 1576.090372    0.081259
 1577.758193    0.074123
 1579.426013    0.076778
 1581.093834    0.074969
 1582.761654    0.076156
 1584.429475    0.074728
 1586.097295    0.070598
 1587.765116    0.071642
 1589.432936    0.076038
 1591.100757    0.078023
 1592.768577    0.074190
 1594.436398    0.080040
 1596.104218    0.077107
 1597.772039    0.080852
 1599.439860    0.077503
 1601.107680    0.079228
 1602.775500    0.074744
 1604.443321    0.077880
 1606.111141    0.075499
 1607.778962    0.071252
 1609.446782    0.080712
 1611.114603    0.077336
 1612.782423    0.078720
 1614.450244    0.077119
 1616.118064    0.080346
 1617.785885    0.086010
 1619.453705    0.078422
 1621.121526    0.077611
 1622.789346    0.080351
 1624.457167    0.075387
 1626.124987    0.081536
 1627.792808    0.075279
 1629.460628    0.083013
 1631.128449    0.081160
 1632.796269    0.076887
 1634.464090    0.077655
 1636.131910    0.078542
 1637.799731    0.078843
 1639.467551    0.080315
 1641.135372    0.078738
 1642.803192    0.084689
 1644.471013    0.078737
 1646.138833    0.080126
 1647.806654    0.080604
 1649.474475    0.076749
 1651.142295    0.081799
 1652.810115    0.076113
 1654.477936    0.084715
 1656.145756    0.081075
 1657.813577    0.076461
 1659.481397    0.078353
 1661.149218    0.084722
 1662.817038    0.084323
 1664.484859    0.080933
 1666.152679    0.085929
 1667.820500    0.074483
 1669.488320    0.079312
 1671.156141    0.078250
 1672.823961    0.078881
 1674.491782    0.076249
 1676.159602    0.079828
 1677.827423    0.083438
 1679.495243    0.081402
 1681.163064    0.081763
 1682.830884    0.077850
 1684.498705    0.083418
 1686.166525    0.080177
 1687.834346    0.077700
 1689.502166    0.079481
 1691.169987    0.086306
 1692.837807    0.078164
 1694.505628    0.076455
 1696.173448    0.082592
 1697.841269    0.084398
 1699.509089    0.086899
 1701.176910    0.079847
 1702.844730    0.075694
 1704.512551    0.087043
 1706.180371    0.076414
 1707.848192    0.079154
 1709.516012    0.079087
 1711.183833    0.080378
 1712.851653    0.080164
 1714.519474    0.082669
 1716.187295    0.082577
 1717.855115    0.080215
 1719.522935    0.085966
 1721.190756    0.080535
 1722.858576    0.088821
 1724.526397    0.078582
 1726.194217    0.082528
 1727.862038    0.087046
 1729.529858    0.084118
 1731.197679    0.075381
 1732.865499    0.084217
 1734.533320    0.084904
 1736.201140    0.082772
 1737.868961    0.080472
 1739.536781    0.083741
 1741.204602    0.083081
 1742.872422    0.080075
 1744.540243    0.084714
 1746.208063    0.084713
 1747.875884    0.080634
 1749.543704    0.081839
 1751.211525    0.083497
 1752.879345    0.082316
 1754.547166    0.077901
 1756.214986    0.079488
 1757.882807    0.086182
 1759.550627    0.087934
 1761.218448    0.084644
 1762.886268    0.085894
 1764.554089    0.087726
 1766.221910    0.079512
 1767.889730    0.084529
 1769.557550    0.090350
 1771.225371    0.086603
 1772.893191    0.080078
 1774.561012    0.088260
 1776.228832    0.088530
 1777.896653    0.083822
 1779.564473    0.085935
 1781.232294    0.080855
 1782.900114    0.079804
 1784.567935    0.088195
 1786.235755    0.089819
 1787.903576    0.088181
 1789.571396    0.089037
 1791.239217    0.082922
 1792.907037    0.084552
 1794.574858    0.085036
 1796.242678    0.086320
 1797.910499    0.086324
 1799.578319    0.084565
 1801.246140    0.083210
 1802.913960    0.082240
 1804.581781    0.085436
 1806.249601    0.086457
 1807.917422    0.082830
 1809.585242    0.087099
 1811.253063    0.084420
 1812.920883    0.084224
 1814.588704    0.083159
 1816.256524    0.087878
 1817.924345    0.093531
 1819.592165    0.084762
 1821.259986    0.076592
 1822.927806    0.089628
 1824.595627    0.083875
 1826.263447    0.087577
 1827.931268    0.084979
 1829.599088    0.080540
 1831.266909    0.088776
 1832.934730    0.088283
 1834.602550    0.086458
 1836.270370    0.090930
 1837.938191    0.086746
 1839.606011    0.080745
 1841.273832    0.090934
 1842.941652    0.084693
 1844.609473    0.089107
 1846.277293    0.085450
 1847.945114    0.086644
 1849.612934    0.085496
 1851.280755    0.076783
 1852.948575    0.093993
 1854.616396    0.090863
 1856.284216    0.082199
 1857.952037    0.082801
 1859.619857    0.085714
 1861.287678    0.081288
 1862.955498    0.082197
 1864.623319    0.086261
 1866.291139    0.082401
 1867.958960    0.090170
 1869.626780    0.084706
 1871.294601    0.082093
 1872.962421    0.084672
 1874.630242    0.091323
 1876.298062    0.096020
 1877.965883    0.086051
 1879.633703    0.084327
 1881.301524    0.079069
 1882.969344    0.079306
 1884.637165    0.082085
 1886.304985    0.080273
 1887.972806    0.084880
 1889.640626    0.080159
 1891.308447    0.075408
 1892.976267    0.090049
 1894.644088    0.086773
 1896.311908    0.090153
 1897.979729    0.087680
 1899.647549    0.086718
 1901.315370    0.085429
 1902.983190    0.086038
 1904.651011    0.085219
 1906.318831    0.081173
 1907.986652    0.081903
 1909.654472    0.081335
 1911.322293    0.084425
 1912.990113    0.086730
 1914.657934    0.085993
 1916.325754    0.087061
 1917.993575    0.078788
 1919.661395    0.081492
 1921.329216    0.081914
 1922.997036    0.087091
 1924.664857    0.088266
 1926.332677    0.081059
 1928.000498    0.087023
 1929.668318    0.085617
 1931.336139    0.088724
 1933.003959    0.090214
 1934.671780    0.087265
 1936.339600    0.086005
 1938.007421    0.087843
 1939.675241    0.088337
 1941.343062    0.085503
 1943.010882    0.090014
 1944.678703    0.083612
 1946.346523    0.084731
 1948.014344    0.091251
 1949.682164    0.093954
 1951.349985    0.085532
 1953.017805    0.091726
 1954.685626    0.094801
 1956.353446    0.086210
 1958.021267    0.085469
 1959.689087    0.082587
 1961.356908    0.087839
 1963.024728    0.087463
 1964.692549    0.082471
 1966.360369    0.083089
 1968.028190    0.088202
 1969.696010    0.087601
 1971.363831    0.089285
 1973.031651    0.087213
 1974.699472    0.091623
 1976.367292    0.084278
 1978.035113    0.088919
 1979.702933    0.085187
 1981.370754    0.088382
 1983.038574    0.082172
 1984.706395    0.097357
 1986.374215    0.081309
 1988.042036    0.082382
 1989.709856    0.086929
 1991.377677    0.090040
 1993.045497    0.086053
 1994.713318    0.087335
 1996.381138    0.089542
 1998.048959    0.090353
 1999.716779    0.083407
 2001.384600    0.087837
 2003.052420    0.089329
 2004.720241    0.091493
 2006.388061    0.092739
 2008.055882    0.090186
 2009.723702    0.086747
 2011.391523    0.083929
 2013.059343    0.087712
 2014.727164    0.081508
 2016.394984    0.084495
 2018.062805    0.092542
 2019.730625    0.087371
 2021.398446    0.093524
 2023.066266    0.086387
 2024.734087    0.086998
 2026.401907    0.089483
 2028.069728    0.083894
 2029.737548    0.086353
 2031.405369    0.085123
 2033.073189    0.093130
 2034.741010    0.089839
 2036.408830    0.088504
 2038.076651    0.088137
 2039.744471    0.084783
 2041.412292    0.091532
 2043.080112    0.084619
 2044.747933    0.089552
 2046.415753    0.082502
 2048.083574    0.087128
 2049.751395    0.087343
 2051.419215    0.088241
 2053.087035    0.085154
 2054.754856    0.085381
 2056.422676    0.086797
 2058.090497    0.083054
 2059.758317    0.093079
 2061.426138    0.089448
 2063.093958    0.085989
 2064.761779    0.095511
 2066.429599    0.089168
 2068.097420    0.085953
 2069.765240    0.096592
 2071.433061    0.081033
 2073.100881    0.081234
 2074.768702    0.090276
 2076.436522    0.090204
 2078.104343    0.088506
 2079.772163    0.089216
 2081.439984    0.090761
 2083.107804    0.086401
 2084.775625    0.079247
 2086.443445    0.092525
 2088.111266    0.085140
 2089.779086    0.088681
 2091.446907    0.086778
 2093.114727    0.085369
 2094.782548    0.085686
 2096.450368    0.087082
 2098.118189    0.089010
 2099.786010    0.093794
 2101.453830    0.090665
 2103.121650    0.092292
 2104.789471    0.084804
 2106.457291    0.084617
 2108.125112    0.091300
 2109.792933    0.083278
 2111.460753    0.083304
 2113.128573    0.087377
 2114.796394    0.083520
 2116.464214    0.090488
 2118.132035    0.091386
 2119.799855    0.091248
 2121.467676    0.089238
 2123.135496    0.091889
 2124.803317    0.086597
 2126.471137    0.095398
 2128.138958    0.088608
 2129.806778    0.086090
 2131.474599    0.089917
 2133.142419    0.090042
 2134.810240    0.090914
 2136.478060    0.090291
 2138.145881    0.087149
 2139.813702    0.093238
 2141.481522    0.091413
 2143.149342    0.083675
 2144.817163    0.080560
 2146.484983    0.084448
 2148.152804    0.080604
 2149.820624    0.093234
 2151.488445    0.080521
 2153.156265    0.084976
 2154.824086    0.079851
 2156.491906    0.087251
 2158.159727    0.090556
 2159.827547    0.088808
 2161.495368    0.091973
 2163.163188    0.084538
 2164.831009    0.084110
 2166.498829    0.091173
 2168.166650    0.091364
 2169.834470    0.087086
 2171.502291    0.084699
 2173.170112    0.091863
 2174.837932    0.081491
 2176.505752    0.088978
 2178.173573    0.083179
 2179.841393    0.085215
 2181.509214    0.084139
 2183.177034    0.083660
 2184.844855    0.088200
 2186.512675    0.082403
 2188.180496    0.086187
 2189.848316    0.087700
 2191.516137    0.092003
 2193.183957    0.085531
 2194.851778    0.084342
 2196.519598    0.089616
 2198.187419    0.088760
 2199.855239    0.083565
 2201.523060    0.090088
 2203.190880    0.090908
 2204.858701    0.094492
 2206.526521    0.082556
 2208.194342    0.085039
 2209.862162    0.092982
 2211.529983    0.089041
 2213.197803    0.085340
 2214.865624    0.093853
 2216.533444    0.082819
 2218.201265    0.085310
 2219.869085    0.087579
 2221.536906    0.087402
 2223.204727    0.091936
 2224.872547    0.088127
 2226.540367    0.086622
 2228.208188    0.086463
 2229.876008    0.087296
 2231.543829    0.084092
 2233.211650    0.087962
 2234.879470    0.086802
 2236.547290    0.086072
 2238.215111    0.087366
 2239.882931    0.087766
 2241.550752    0.089079
 2243.218572    0.078824
 2244.886393    0.083993
 2246.554213    0.090317
 2248.222034    0.090625
 2249.889854    0.089943
 2251.557675    0.090412
 2253.225495    0.079796
 2254.893316    0.086863
 2256.561136    0.089234
 2258.228957    0.088632
 2259.896777    0.089719
 2261.564598    0.087014
 2263.232418    0.087393
 2264.900239    0.086652
 2266.568059    0.081124
 2268.235880    0.084803
 2269.903700    0.086933
 2271.571521    0.088286
 2273.239342    0.084605
 2274.907162    0.097268
 2276.574982    0.085856
 2278.242803    0.086978
 2279.910623    0.081251
 2281.578444    0.081383
 2283.246265    0.085146
 2284.914085    0.086256
 2286.581905    0.080066
 2288.249726    0.094633
 2289.917546    0.082683
 2291.585367    0.077342
 2293.253187    0.088096
 2294.921008    0.086380
 2296.588828    0.084597
 2298.256649    0.084383
 2299.924469    0.080450
 2301.592290    0.083722
 2303.260110    0.085215
 2304.927931    0.084636
 2306.595752    0.091311
 2308.263572    0.088423
 2309.931392    0.084493
 2311.599213    0.081154
 2313.267033    0.086697
 2314.934854    0.087773
 2316.602674    0.089419
 2318.270495    0.094630
 2319.938315    0.083999
 2321.606136    0.087440
 2323.273957    0.082658
 2324.941777    0.081705
 2326.609597    0.091036
 2328.277418    0.086262
 2329.945238    0.090341
 2331.613059    0.080201
 2333.280880    0.080865
 2334.948700    0.080673
 2336.616520    0.091882
 2338.284341    0.079071
 2339.952161    0.091706
 2341.619982    0.086173
 2343.287802    0.082441
 2344.955623    0.085504
 2346.623443    0.087724
 2348.291264    0.087347
 2349.959084    0.085771
 2351.626905    0.086141
 2353.294725    0.086812
 2354.962546    0.077138
 2356.630367    0.089639
 2358.298187    0.085587
 2359.966007    0.080360
 2361.633828    0.088571
 2363.301648    0.087493
 2364.969469    0.083446
 2366.637289    0.079900
 2368.305110    0.080897
 2369.972930    0.081321
 2371.640751    0.084471
 2373.308571    0.081855
 2374.976392    0.082613
 2376.644212    0.083997
 2378.312033    0.079946
 2379.979853    0.081043
 2381.647674    0.082226
 2383.315494    0.081678
 2384.983315    0.080824
 2386.651135    0.078774
 2388.318956    0.079324
 2389.986776    0.087360
 2391.654597    0.083135
 2393.322417    0.085842
 2394.990238    0.078516
 2396.658058    0.085989
 2398.325879    0.078078
 2399.993699    0.087778
 2401.661520    0.087356
 2403.329340    0.084737
 2404.997161    0.085023
 2406.664982    0.086371
 2408.332802    0.074998
 2410.000622    0.082131
 2411.668443    0.084465
 2413.336263    0.083891
 2415.004084    0.089534
 2416.671904    0.079665
 2418.339725    0.078054
 2420.007545    0.079133
 2421.675366    0.082268
 2423.343186    0.081621
 2425.011007    0.086525
 2426.678827    0.086779
 2428.346648    0.082696
 2430.014468    0.082520
 2431.682289    0.088296
 2433.350109    0.086764
 2435.017930    0.079176
 2436.685750    0.080843
 2438.353571    0.079251
 2440.021391    0.084298
 2441.689212    0.084783
 2443.357032    0.082674
 2445.024853    0.076715
 2446.692673    0.082679
 2448.360494    0.084484
 2450.028314    0.077852
 2451.696135    0.088046
 2453.363955    0.077347
 2455.031776    0.077780
 2456.699597    0.076258
 2458.367417    0.079420
 2460.035237    0.084483
 2461.703058    0.082455
 2463.370878    0.086370
 2465.038699    0.085689
 2466.706520    0.078298
 2468.374340    0.079409
 2470.042160    0.088681
 2471.709981    0.085719
 2473.377801    0.084306
 2475.045622    0.085041
 2476.713442    0.079118
 2478.381263    0.078427
 2480.049083    0.081625
 2481.716904    0.080409
 2483.384724    0.077786
 2485.052545    0.075410
 2486.720365    0.086382
 2488.388186    0.078012
 2490.056006    0.075227
 2491.723827    0.084073
 2493.391647    0.077886
 2495.059468    0.083086
 2496.727288    0.077069
 2498.395109    0.081979
 2500.062929    0.078463
 2501.730750    0.082960
 2503.398570    0.082581
 2505.066391    0.084714
 2506.734212    0.083243
 2508.402032    0.080975
 2510.069852    0.080246
 2511.737673    0.081416
 2513.405493    0.080360
 2515.073314    0.080042
 2516.741135    0.074488
 2518.408955    0.081959
 2520.076775    0.080053
 2521.744596    0.078613
 2523.412416    0.078736
 2525.080237    0.081095
 2526.748057    0.085380
 2528.415878    0.078185
 2530.083698    0.076504
 2531.751519    0.075773
 2533.419339    0.076731
 2535.087160    0.084655
 2536.754980    0.081774
 2538.422801    0.073544
 2540.090621    0.075694
 2541.758442    0.075954
 2543.426262    0.082756
 2545.094083    0.075640
 2546.761903    0.074039
 2548.429724    0.072943
 2550.097544    0.076391
 2551.765365    0.081445
 2553.433185    0.079608
 2555.101006    0.079815
 2556.768827    0.077221
 2558.436647    0.080663
 2560.104467    0.078338
 2561.772288    0.076927
 2563.440108    0.077928
 2565.107929    0.076117
 2566.775750    0.076818
 2568.443570    0.068381
 2570.111390    0.078405
 2571.779211    0.078668
 2573.447031    0.078290
 2575.114852    0.075261
 2576.782672    0.074671
 2578.450493    0.076641
 2580.118313    0.073869
 2581.786134    0.077946
 2583.453954    0.078367
 2585.121775    0.080247
 2586.789595    0.072525
 2588.457416    0.070789
 2590.125237    0.077462
 2591.793057    0.078164
 2593.460877    0.071228
 2595.128698    0.077707
 2596.796518    0.081001
 2598.464339    0.073796
 2600.132159    0.069649
 2601.799980    0.072039
 2603.467800    0.075838
 2605.135621    0.076543
 2606.803441    0.072379
 2608.471262    0.071210
 2610.139082    0.080575
 2611.806903    0.081528
 2613.474723    0.076076
 2615.142544    0.074527
 2616.810364    0.066459
 2618.478185    0.073827
 2620.146005    0.071725
 2621.813826    0.076939
 2623.481646    0.076682
 2625.149467    0.076355
 2626.817287    0.076012
 2628.485108    0.078360
 2630.152928    0.068325
 2631.820749    0.073741
 2633.488569    0.079025
 2635.156390    0.076382
 2636.824210    0.075599
 2638.492031    0.071734
 2640.159852    0.078418
 2641.827672    0.076178
 2643.495492    0.077005
 2645.163313    0.069657
 2646.831133    0.072867
 2648.498954    0.068615
 2650.166774    0.071535
 2651.834595    0.073530
 2653.502415    0.069862
 2655.170236    0.074463
 2656.838056    0.073562
 2658.505877    0.074863
 2660.173697    0.073724
 2661.841518    0.073574
 2663.509338    0.074515
 2665.177159    0.077361
 2666.844979    0.074936
 2668.512800    0.071894
 2670.180620    0.075847
 2671.848441    0.072257
 2673.516261    0.072371
 2675.184082    0.072581
 2676.851902    0.068306
 2678.519723    0.070926
 2680.187543    0.071565
 2681.855364    0.065488
 2683.523184    0.072292
 2685.191005    0.075330
 2686.858825    0.072399
 2688.526646    0.067838
 2690.194467    0.069804
 2691.862287    0.073057
 2693.530107    0.072937
 2695.197928    0.068851
 2696.865748    0.070520
 2698.533569    0.066883
 2700.201390    0.068869
 2701.869210    0.075256
 2703.537030    0.071098
 2705.204851    0.068547
 2706.872671    0.065694
 2708.540492    0.069258
 2710.208312    0.063700
 2711.876133    0.074181
 2713.543953    0.065285
 2715.211774    0.073181
 2716.879594    0.071443
 2718.547415    0.078044
 2720.215235    0.065989
 2721.883056    0.068094
 2723.550876    0.071127
 2725.218697    0.068228
 2726.886517    0.067571
 2728.554338    0.069216
 2730.222158    0.066631
 2731.889979    0.068009
 2733.557799    0.074489
 2735.225620    0.067789
 2736.893440    0.068543
 2738.561261    0.069623
 2740.229082    0.070896
 2741.896902    0.065792
 2743.564722    0.070842
 2745.232543    0.065236
 2746.900363    0.066755
 2748.568184    0.072208
 2750.236005    0.071265
 2751.903825    0.068749
 2753.571645    0.072965
 2755.239466    0.071598
 2756.907286    0.063739
 2758.575107    0.066456
 2760.242927    0.067165
 2761.910748    0.063261
 2763.578568    0.066416
 2765.246389    0.069166
 2766.914209    0.068910
 2768.582030    0.070758
 2770.249850    0.068272
 2771.917671    0.065122
 2773.585491    0.065732
 2775.253312    0.065633
 2776.921132    0.067999
 2778.588953    0.067494
 2780.256773    0.065852
 2781.924594    0.063680
 2783.592414    0.068583
 2785.260235    0.068469
 2786.928055    0.061050
 2788.595876    0.063352
 2790.263696    0.068579
 2791.931517    0.064759
 2793.599337    0.070922
 2795.267158    0.067279
 2796.934978    0.065711
 2798.602799    0.059492
 2800.270619    0.063414
 2801.938440    0.062392
 2803.606260    0.063794
 2805.274081    0.069467
 2806.941901    0.060723
 2808.609722    0.065339
 2810.277542    0.064861
 2811.945363    0.060065
 2813.613183    0.067516
 2815.281004    0.067011
 2816.948824    0.056482
 2818.616645    0.065973
 2820.284465    0.067212
 2821.952286    0.064032
 2823.620107    0.062703
 2825.287927    0.066142
 2826.955747    0.067881
 2828.623568    0.066356
 2830.291388    0.063797
 2831.959209    0.064366
 2833.627029    0.064372
 2835.294850    0.063632
 2836.962670    0.061956
 2838.630491    0.070343
 2840.298311    0.063097
 2841.966132    0.057982
 2843.633952    0.066896
 2845.301773    0.059198
 2846.969593    0.059635
 2848.637414    0.065705
 2850.305234    0.058252
 2851.973055    0.063577
 2853.640875    0.063558
 2855.308696    0.057439
 2856.976516    0.064882
 2858.644337    0.063394
 2860.312157    0.065044
 2861.979978    0.063253
 2863.647798    0.062061
 2865.315619    0.061498
 2866.983439    0.061259
 2868.651260    0.061941
 2870.319080    0.056317
 2871.986901    0.056226
 2873.654722    0.058218
 2875.322542    0.058427
 2876.990362    0.063936
 2878.658183    0.057161
 2880.326003    0.060391
 2881.993824    0.058562
 2883.661644    0.059548
 2885.329465    0.060827
 2886.997285    0.060296
 2888.665106    0.059303
 2890.332926    0.064882
 2892.000747    0.062357
 2893.668567    0.059032
 2895.336388    0.061170
 2897.004208    0.053271
 2898.672029    0.058677
 2900.339849    0.059523
 2902.007670    0.059467
 2903.675490    0.058717
 2905.343311    0.053935
 2907.011131    0.058803
 2908.678952    0.064477
 2910.346772    0.061018
 2912.014593    0.056532
 2913.682413    0.060778
 2915.350234    0.056084
 2917.018054    0.057416
 2918.685875    0.054680
 2920.353695    0.059556
 2922.021516    0.059083
 2923.689337    0.055749
 2925.357157    0.058741
 2927.024977    0.058588
 2928.692798    0.051440
 2930.360618    0.055231
 2932.028439    0.057476
 2933.696259    0.056902
 2935.364080    0.059938
 2937.031900    0.055730
 2938.699721    0.058982
 2940.367541    0.057707
 2942.035362    0.057841
 2943.703182    0.058186
 2945.371003    0.054680
 2947.038823    0.055798
 2948.706644    0.054166
 2950.374464    0.056808
 2952.042285    0.058865
 2953.710105    0.050538
 2955.377926    0.053694
 2957.045746    0.051833
 2958.713567    0.055490
 2960.381387    0.051698
 2962.049208    0.062065
 2963.717028    0.056276
 2965.384849    0.055625
 2967.052669    0.051221
 2968.720490    0.056718
 2970.388310    0.055081
 2972.056131    0.052808
 2973.723952    0.055178
 2975.391772    0.053788
 2977.059592    0.053761
 2978.727413    0.056855
 2980.395233    0.057525
 2982.063054    0.051249
 2983.730875    0.052541
 2985.398695    0.055645
 2987.066515    0.047679
 2988.734336    0.048725
 2990.402156    0.053152
 2992.069977    0.049062
 2993.737797    0.052352
 2995.405618    0.052751
 2997.073438    0.052261
 2998.741259    0.050976
 3000.409079    0.051962
 3002.076900    0.054642
 3003.744720    0.056220
 3005.412541    0.048165
 3007.080361    0.056312
 3008.748182    0.051831
 3010.416002    0.050696
 3012.083823    0.051982
 3013.751643    0.055549
 3015.419464    0.051896
 3017.087284    0.049054
 3018.755105    0.048115
 3020.422925    0.052987
 3022.090746    0.053502
 3023.758566    0.050636
 3025.426387    0.050780
 3027.094207    0.054444
 3028.762028    0.054048
 3030.429848    0.052119
 3032.097669    0.052110
 3033.765489    0.053131
 3035.433310    0.048239
 3037.101130    0.051420
 3038.768951    0.051630
 3040.436771    0.049478
 3042.104592    0.048089
 3043.772412    0.049163
 3045.440233    0.052681
 3047.108053    0.049559
 3048.775874    0.049033
 3050.443694    0.046787
 3052.111515    0.046861
 3053.779335    0.053113
 3055.447156    0.050361
 3057.114977    0.050369
 3058.782797    0.050875
 3060.450617    0.048520
 3062.118438    0.051673
 3063.786258    0.050061
 3065.454079    0.046533
 3067.121899    0.045382
 3068.789720    0.047916
 3070.457540    0.049314
 3072.125361    0.045595
 3073.793181    0.048501
 3075.461002    0.048407
 3077.128822    0.048840
 3078.796643    0.044976
 3080.464463    0.049523
 3082.132284    0.045787
 3083.800104    0.045362
 3085.467925    0.045786
 3087.135745    0.047266
 3088.803566    0.048409
 3090.471386    0.047240
 3092.139207    0.046656
 3093.807027    0.045815
 3095.474848    0.046034
 3097.142668    0.043792
 3098.810489    0.043243
 3100.478309    0.048003
 3102.146130    0.046186
 3103.813950    0.047002
 3105.481771    0.045680
 3107.149592    0.045105
 3108.817412    0.047498
 3110.485232    0.046715
 3112.153053    0.044091
 3113.820873    0.042361
 3115.488694    0.047937
 3117.156514    0.042273
 3118.824335    0.041629
 3120.492155    0.042927
 3122.159976    0.043424
 3123.827796    0.048656
 3125.495617    0.044195
 3127.163437    0.043030
 3128.831258    0.043003
 3130.499078    0.042967
 3132.166899    0.043536
 3133.834719    0.044894
 3135.502540    0.043614
 3137.170360    0.044449
 3138.838181    0.040160
 3140.506001    0.042275
 3142.173822    0.041893
 3143.841642    0.042392
 3145.509463    0.043473
 3147.177283    0.042732
 3148.845104    0.039827
 3150.512924    0.042783
 3152.180745    0.041276
 3153.848565    0.041395
 3155.516386    0.042207
 3157.184207    0.044617
 3158.852027    0.044567
 3160.519847    0.041316
 3162.187668    0.042730
 3163.855488    0.043136
 3165.523309    0.043402
 3167.191129    0.041915
 3168.858950    0.043774
 3170.526770    0.040269
 3172.194591    0.042225
 3173.862411    0.044280
 3175.530232    0.039547
 3177.198052    0.042393
 3178.865873    0.038623
 3180.533693    0.040978
 3182.201514    0.039627
 3183.869334    0.041644
 3185.537155    0.038673
 3187.204975    0.040271
 3188.872796    0.039994
 3190.540616    0.042412
 3192.208437    0.038882
 3193.876257    0.040936
 3195.544078    0.038608
 3197.211898    0.041446
 3198.879719    0.039732
 3200.547539    0.039348
 3202.215360    0.038522
 3203.883180    0.039963
 3205.551001    0.040977
 3207.218822    0.041142
 3208.886642    0.036661
 3210.554462    0.038091
 3212.222283    0.040307
 3213.890103    0.040694
 3215.557924    0.038253
 3217.225744    0.038512
 3218.893565    0.035262
 3220.561385    0.036192
 3222.229206    0.035911
 3223.897026    0.039019
 3225.564847    0.035832
 3227.232667    0.037732
 3228.900488    0.035362
 3230.568308    0.038293
 3232.236129    0.037360
 3233.903949    0.038904
 3235.571770    0.036443
 3237.239590    0.036713
 3238.907411    0.035578
 3240.575231    0.033595
 3242.243052    0.035489
 3243.910872    0.035547
 3245.578693    0.037961
 3247.246513    0.036191
 3248.914334    0.034524
 3250.582154    0.037829
 3252.249975    0.037904
 3253.917795    0.035438
 3255.585616    0.034414
 3257.253436    0.033284
 3258.921257    0.034174
 3260.589077    0.037315
 3262.256898    0.034335
 3263.924718    0.033556
 3265.592539    0.035747
 3267.260359    0.033384
 3268.928180    0.036268
 3270.596000    0.035622
 3272.263821    0.035314
 3273.931641    0.035222
 3275.599462    0.034281
 3277.267282    0.035600
 3278.935103    0.034489
 3280.602923    0.033572
 3282.270744    0.033932
 3283.938564    0.033097
 3285.606385    0.034108
 3287.274205    0.030436
 3288.942026    0.035118
 3290.609847    0.035669
 3292.277667    0.034656
 3293.945487    0.032681
 3295.613308    0.034305
 3297.281128    0.036810
 3298.948949    0.032337
 3300.616769    0.034057
 3302.284590    0.032014
 3303.952410    0.032642
 3305.620231    0.033099
 3307.288051    0.032432
 3308.955872    0.028029
 3310.623692    0.031144
 3312.291513    0.032161
 3313.959333    0.032760
 3315.627154    0.032232
 3317.294974    0.033133
 3318.962795    0.034029
 3320.630615    0.031686
 3322.298436    0.029676
 3323.966256    0.032764
 3325.634077    0.032934
 3327.301897    0.030397
 3328.969718    0.029580
 3330.637538    0.032013
 3332.305359    0.031537
 3333.973179    0.029257
 3335.641000    0.032330
 3337.308820    0.031646
 3338.976641    0.034085
 3340.644462    0.029837
 3342.312282    0.030687
 3343.980102    0.031974
 3345.647923    0.030123
 3347.315743    0.029131
 3348.983564    0.030596
 3350.651384    0.030576
 3352.319205    0.029221
 3353.987025    0.028910
 3355.654846    0.028342
 3357.322666    0.029781
 3358.990487    0.029880
 3360.658307    0.029627
 3362.326128    0.029054
 3363.993948    0.028810
 3365.661769    0.027449
 3367.329589    0.027424
 3368.997410    0.026853
 3370.665230    0.029250
 3372.333051    0.027086
 3374.000871    0.030111
 3375.668692    0.030583
 3377.336512    0.028251
 3379.004333    0.027187
 3380.672153    0.027344
 3382.339974    0.028135
 3384.007794    0.025986
 3385.675615    0.029043
 3387.343435    0.026357
 3389.011256    0.029038
 3390.679077    0.026646
 3392.346897    0.026173
 3394.014717    0.029064
 3395.682538    0.027416
 3397.350358    0.028068
 3399.018179    0.026930
 3400.685999    0.027747
 3402.353820    0.026606
 3404.021640    0.026494
 3405.689461    0.027366
 3407.357281    0.026070
 3409.025102    0.027884
 3410.692922    0.026261
 3412.360743    0.026338
 3414.028563    0.026411
 3415.696384    0.025403
 3417.364204    0.023849
 3419.032025    0.025631
 3420.699845    0.023040
 3422.367666    0.023895
 3424.035486    0.026097
 3425.703307    0.024473
 3427.371127    0.024703
 3429.038948    0.025235
 3430.706768    0.024927
 3432.374589    0.023658
 3434.042409    0.025878
 3435.710230    0.024911
 3437.378050    0.025644
 3439.045871    0.024189
 3440.713691    0.024582
 3442.381512    0.024534
 3444.049332    0.024208
 3445.717153    0.026789
 3447.384973    0.022842
 3449.052794    0.024755
 3450.720614    0.025797
 3452.388435    0.023320
 3454.056255    0.023165
 3455.724076    0.023298
 3457.391896    0.025031
 3459.059717    0.022757
 3460.727537    0.024244
 3462.395358    0.025118
 3464.063178    0.023375
 3465.730999    0.022600
 3467.398819    0.024506
 3469.066640    0.024165
 3470.734460    0.023154
 3472.402281    0.021775
 3474.070101    0.023028
 3475.737922    0.020947
 3477.405742    0.022217
 3479.073563    0.023159
 3480.741383    0.022056
 3482.409204    0.021764
 3484.077024    0.023234
 3485.744845    0.022489
 3487.412665    0.022845
 3489.080486    0.022534
 3490.748306    0.020010
 3492.416127    0.020533
 3494.083947    0.020920
 3495.751768    0.021345
 3497.419588    0.020619
 3499.087409    0.020769
 3500.755229    0.020378
 3502.423050    0.022263
 3504.090870    0.020179
 3505.758691    0.020387
 3507.426511    0.021511
 3509.094332    0.019860
 3510.762152    0.021041
 3512.429973    0.020188
 3514.097793    0.021512
 3515.765614    0.020724
 3517.433434    0.019632
 3519.101255    0.019577
 3520.769075    0.019255
 3522.436896    0.020009
 3524.104716    0.019706
 3525.772537    0.018947
 3527.440357    0.020802
 3529.108178    0.019610
 3530.775998    0.019244
 3532.443819    0.018732
 3534.111639    0.018973
 3535.779460    0.017769
 3537.447280    0.020053
 3539.115101    0.018287
 3540.782921    0.018729
 3542.450742    0.017498
 3544.118562    0.019630
 3545.786383    0.018010
 3547.454203    0.017452
 3549.122024    0.018518
 3550.789844    0.017881
 3552.457665    0.017854
 3554.125485    0.017335
 3555.793306    0.017636
 3557.461126    0.018720
 3559.128947    0.017575
 3560.796767    0.017193
 3562.464588    0.017513
 3564.132408    0.016823
 3565.800229    0.017682
 3567.468049    0.017026
 3569.135870    0.017507
 3570.803690    0.018169
 3572.471511    0.017213
 3574.139332    0.018010
 3575.807152    0.015886
 3577.474972    0.015193
 3579.142793    0.017732
 3580.810613    0.015844
 3582.478434    0.017602
 3584.146254    0.017393
 3585.814075    0.015984
 3587.481895    0.016403
 3589.149716    0.015252
 3590.817536    0.016388
 3592.485357    0.016108
 3594.153177    0.014894
 3595.820998    0.014515
 3597.488818    0.016420
 3599.156639    0.015995
 3600.824459    0.015224
 3602.492280    0.016687
 3604.160100    0.016326
 3605.827921    0.015410
 3607.495741    0.015279
 3609.163562    0.014936
 3610.831382    0.015260
 3612.499203    0.015320
 3614.167023    0.014636
 3615.834844    0.015551
 3617.502664    0.015420
 3619.170485    0.014073
 3620.838305    0.014806
 3622.506126    0.015900
 3624.173947    0.013706
 3625.841767    0.013946
 3627.509587    0.014181
 3629.177408    0.014599
 3630.845228    0.014482
 3632.513049    0.013228
 3634.180869    0.014898
 3635.848690    0.014008
 3637.516510    0.013448
 3639.184331    0.014558
 3640.852151    0.013644
 3642.519972    0.012586
 3644.187792    0.012617
 3645.855613    0.013431
 3647.523433    0.013753
 3649.191254    0.013620
 3650.859074    0.012952
 3652.526895    0.013214
 3654.194715    0.015097
 3655.862536    0.012182
 3657.530356    0.012342
 3659.198177    0.012873
 3660.865997    0.012630
 3662.533818    0.012139
 3664.201638    0.012156
 3665.869459    0.013209
 3667.537279    0.012502
 3669.205100    0.011818
 3670.872920    0.012403
 3672.540741    0.012611
 3674.208561    0.011710
 3675.876382    0.012461
 3677.544202    0.012437
 3679.212023    0.012214
 3680.879843    0.011636
 3682.547664    0.012145
 3684.215484    0.010964
 3685.883305    0.010890
 3687.551125    0.011083
 3689.218946    0.010204
 3690.886766    0.011623
 3692.554587    0.011258
 3694.222407    0.010540
 3695.890228    0.010952
 3697.558048    0.010898
 3699.225869    0.011630
 3700.893689    0.010606
 3702.561510    0.010975
 3704.229330    0.010956
 3705.897151    0.010162
 3707.564971    0.010809
 3709.232792    0.010058
 3710.900612    0.010757
 3712.568433    0.010017
 3714.236253    0.009487
 3715.904074    0.010279
 3717.571894    0.011148
 3719.239715    0.009532
 3720.907535    0.010071
 3722.575356    0.010086
 3724.243176    0.009818
 3725.910997    0.010067
 3727.578817    0.010146
 3729.246638    0.009711
 3730.914458    0.010186
 3732.582279    0.010084
 3734.250099    0.008933
 3735.917920    0.009598
 3737.585740    0.009449
 3739.253561    0.009888
 3740.921381    0.008840
 3742.589202    0.009118
 3744.257022    0.009016
 3745.924843    0.009486
 3747.592663    0.008968
 3749.260484    0.008511
 3750.928304    0.008969
 3752.596125    0.008803
 3754.263945    0.008321
 3755.931766    0.008405
 3757.599586    0.008164
 3759.267407    0.008548
 3760.935227    0.008118
 3762.603048    0.008212
 3764.270868    0.008122
 3765.938689    0.008135
 3767.606509    0.008045
 3769.274330    0.007941
 3770.942150    0.008620
 3772.609971    0.008123
 3774.277791    0.007781
 3775.945612    0.007979
 3777.613432    0.008256
 3779.281253    0.007587
 3780.949073    0.007462
 3782.616894    0.007779
 3784.284714    0.006969
 3785.952535    0.008071
 3787.620355    0.007978
 3789.288176    0.007951
 3790.955996    0.007444
 3792.623817    0.007785
 3794.291637    0.007332
 3795.959458    0.007493
 3797.627278    0.007215
 3799.295099    0.006985
 3800.962919    0.007205
 3802.630740    0.006557
 3804.298560    0.007238
 3805.966381    0.007218
 3807.634202    0.007123
 3809.302022    0.007046
 3810.969842    0.006651
 3812.637663    0.006663
 3814.305483    0.006938
 3815.973304    0.006661
 3817.641124    0.006780
 3819.308945    0.006669
 3820.976765    0.006645
 3822.644586    0.006237
 3824.312406    0.006317
 3825.980227    0.006215
 3827.648047    0.006580
 3829.315868    0.005970
 3830.983688    0.006164
 3832.651509    0.006000
 3834.319329    0.005982
 3835.987150    0.005917
 3837.654970    0.006120
 3839.322791    0.005639
 3840.990611    0.006217
 3842.658432    0.005568
 3844.326252    0.005633
 3845.994073    0.005720
 3847.661893    0.005170
 3849.329714    0.005825
 3850.997534    0.005278
 3852.665355    0.005580
 3854.333175    0.005540
 3856.000996    0.004945
 3857.668816    0.005295
 3859.336637    0.005173
 3861.004457    0.005184
 3862.672278    0.005331
 3864.340098    0.004845
 3866.007919    0.004925
 3867.675739    0.005028
 3869.343560    0.004973
 3871.011380    0.004913
 3872.679201    0.005178
 3874.347021    0.004291
 3876.014842    0.004706
 3877.682662    0.004610
 3879.350483    0.004490
 3881.018303    0.004665
 3882.686124    0.004551
 3884.353944    0.004783
 3886.021765    0.004250
 3887.689585    0.004257
 3889.357406    0.004409
 3891.025226    0.004694
 3892.693047    0.004018
 3894.360867    0.004398
 3896.028688    0.004444
 3897.696508    0.004512
 3899.364329    0.004096
 3901.032149    0.003745
 3902.699970    0.003638
 3904.367790    0.003764
 3906.035611    0.003819
 3907.703431    0.003578
 3909.371252    0.003562
 3911.039072    0.003671
 3912.706893    0.003795
 3914.374713    0.003653
 3916.042534    0.004005
 3917.710354    0.003565
 3919.378175    0.003664
 3921.045995    0.003544
 3922.713816    0.003616
 3924.381636    0.003600
 3926.049457    0.003560
 3927.717277    0.003164
 3929.385098    0.003298
 3931.052918    0.003284
 3932.720739    0.003058
 3934.388559    0.003150
 3936.056380    0.003164
 3937.724200    0.003294
 3939.392021    0.003107
 3941.059841    0.003365
 3942.727662    0.003046
 3944.395482    0.003178
 3946.063303    0.002995
 3947.731123    0.003005
 3949.398944    0.002801
 3951.066764    0.002992
 3952.734585    0.002734
 3954.402405    0.002817
 3956.070226    0.002754
 3957.738046    0.002709
 3959.405867    0.002502
 3961.073687    0.002802
 3962.741508    0.002782
 3964.409328    0.002632
 3966.077149    0.002567
 3967.744969    0.002282
 3969.412790    0.002465
 3971.080610    0.002487
 3972.748431    0.002381
 3974.416251    0.002566
 3976.084072    0.002599
 3977.751892    0.002273
 3979.419713    0.002369
 3981.087533    0.002257
 3982.755354    0.002123
 3984.423174    0.002083
 3986.090995    0.002329
 3987.758815    0.002152
 3989.426636    0.002059
 3991.094456    0.002149
 3992.762277    0.002059
 3994.430097    0.002047
 3996.097918    0.001966
 3997.765738    0.001822
 3999.433559    0.001887
 4001.101379    0.002006
 4002.769200    0.001800
 4004.437020    0.001892
 4006.104841    0.001979
 4007.772661    0.001786
 4009.440482    0.001721
 4011.108302    0.001701
 4012.776123    0.001746
 4014.443943    0.001703
 4016.111764    0.001665
 4017.779584    0.001592
 4019.447405    0.001606
 4021.115225    0.001531
 4022.783046    0.001613
 4024.450866    0.001628
 4026.118687    0.001549
 4027.786507    0.001588
 4029.454328    0.001493
 4031.122148    0.001374
 4032.789969    0.001459
 4034.457789    0.001510
 4036.125610    0.001518
 4037.793430    0.001452
 4039.461251    0.001382
 4041.129072    0.001273
 4042.796892    0.001340
 4044.464712    0.001346
 4046.132533    0.001248
 4047.800353    0.001215
 4049.468174    0.001225
 4051.135994    0.001261
 4052.803815    0.001237
 4054.471635    0.001057
 4056.139456    0.001136
 4057.807276    0.001128
 4059.475097    0.001106
 4061.142917    0.001117
 4062.810738    0.001067
 4064.478558    0.001076
 4066.146379    0.001027
 4067.814199    0.001084
 4069.482020    0.001001
 4071.149840    0.000995
 4072.817661    0.001027
 4074.485481    0.000945
 4076.153302    0.000995
 4077.821122    0.000935
 4079.488943    0.000944
 4081.156763    0.000881
 4082.824584    0.000849
 4084.492404    0.000863
 4086.160225    0.000851
 4087.828045    0.000818
 4089.495866    0.000867
 4091.163686    0.000814
 4092.831507    0.000753
 4094.499327    0.000794
 4096.167148    0.000780
 4097.834968    0.000805
 4099.502789    0.000765
 4101.170609    0.000735
 4102.838430    0.000784
 4104.506250    0.000713
 4106.174071    0.000716
 4107.841892    0.000696
 4109.509712    0.000653
 4111.177532    0.000677
 4112.845353    0.000687
 4114.513173    0.000668
 4116.180994    0.000633
 4117.848815    0.000643
 4119.516635    0.000631
 4121.184455    0.000613
 4122.852276    0.000613
 4124.520096    0.000607
 4126.187917    0.000604
 4127.855738    0.000603
 4129.523558    0.000578
 4131.191378    0.000596
 4132.859199    0.000574
 4134.527019    0.000571
 4136.194840    0.000561
 4137.862660    0.000579
 4139.530481    0.000567
 4141.198301    0.000564
 4142.866122    0.000551
 4144.533942    0.000548
 4146.201763    0.000548
 4147.869583    0.000545
 4149.537404    0.000537
 4151.205224    0.000534
 4152.873045    0.000517
 4154.540865    0.000531
 4156.208686    0.000523
 4157.876506    0.000524
 4159.544327    0.000514
 4161.212147    0.000518
 4162.879968    0.000519
 4164.547788    0.000517
 4166.215609    0.000515
 4167.883429    0.000514
 4169.551250    0.000515
 4171.219070  579.512345
 4172.886891  573.161285
 4174.554711  518.656803
 4176.222532  500.888711
 4177.890352  465.064569
 4179.558173  422.228957
 4181.225993  376.443793
 4182.893814  334.538288
 4184.561634  325.703191
 4186.229455  305.671129
 4187.897275  266.192406
 4189.565096  260.792099
 4191.232917  244.910763
 4192.900737  228.354169
 4194.568557  218.748481
 4196.236378  191.386768
 4197.904198  191.589620
 4199.572019  171.930099
 4201.239840  165.920099
 4202.907660  157.070978
 4204.575480  146.894880
 4206.243301  144.317222
 4207.911121  135.588234
 4209.578942  134.581550
 4211.246762  123.754200
 4212.914583  115.999447
 4214.582403  111.907110
 4216.250224  110.201023
 4217.918044  105.487314
 4219.585865  105.118402
 4221.253685   93.490981
 4222.921506   93.491925
 4224.589326   87.876825
 4226.257147   86.285449
 4227.924967   86.736524
 4229.592788   85.829121
 4231.260608   76.844911
 4232.928429   73.992127
 4234.596249   75.120438
 4236.264070   71.040893
 4237.931890   68.505757
 4239.599711   65.652310
 4241.267531   63.759318
 4242.935352   59.655481
 4244.603172   59.644437
 4246.270993   57.074401
 4247.938813   57.377078
 4249.606634   53.193293
 4251.274454   52.527205
 4252.942275   49.621738
 4254.610095   49.269415
 4256.277916   45.794079
 4257.945736   46.636138
 4259.613557   44.538943
 4261.281377   41.212493
 4262.949198   41.258058
 4264.617018   39.283993
 4266.284839   37.542643
 4267.952659   37.225252
 4269.620480   34.539112
 4271.288301   33.948824
 4272.956121   31.478976
 4274.623942   29.602362
 4276.291762   29.354251
 4277.959582   26.582682
 4279.627403   26.059368
 4281.295223   26.344358
 4282.963044   25.162153
 4284.630864   24.055107
 4286.298685   22.708428
 4287.966505   21.680892
 4289.634326   21.064657
 4291.302147   19.876298
 4292.969967   20.866866
 4294.637787   19.503629
 4296.305608   19.040034
 4297.973428   18.215140
 4299.641249   17.199745
 4301.309069   17.078822
 4302.976890   15.638719
 4304.644710   15.324933
 4306.312531   15.082089
 4307.980351   14.542055
 4309.648172   14.341698
 4311.315992   13.422371
 4312.983813   13.282315
 4314.651633   12.750009
 4316.319454   12.658419
 4317.987274   12.121249
 4319.655095   11.587181
 4321.322915   11.763286
 4322.990736   10.505941
 4324.658556   10.573951
 4326.326377   10.741348
 4327.994197    9.960347
 4329.662018    9.979854
 4331.329838    9.671508
 4332.997659    9.498881
 4334.665479    9.115235
 4336.333300    8.972026
 4338.001121    8.828220
 4339.668941    8.288419
 4341.336761    8.189326
 4343.004582    7.979505
 4344.672402    8.026863
 4346.340223    7.461076
 4348.008043    7.103819
 4349.675864    7.155205
 4351.343684    6.896008
 4353.011505    6.512125
 4354.679326    6.640163
 4356.347146    6.483008
 4358.014966    6.301871
 4359.682787    5.934165
 4361.350607    6.091763
 4363.018428    5.883003
 4364.686248    5.792616
 4366.354069    5.398319
 4368.021889    5.374641
 4369.689710    5.350014
 4371.357531    5.064049
 4373.025351    4.950815
 4374.693172    4.811451
 4376.360992    4.662684
 4378.028812    4.719736
 4379.696633    4.614955
 4381.364453    4.575060
 4383.032274    4.482241
 4384.700094    4.309929
 4386.367915    4.136645
 4388.035735    4.154127
 4389.703556    4.042746
 4391.371376    3.917864
 4393.039197    3.938998
 4394.707017    3.721686
 4396.374838    3.622979
 4398.042658    3.588479
 4399.710479    3.619768
 4401.378299    3.533345
 4403.046120    3.423758
 4404.713940    3.317900
 4406.381761    3.165436
 4408.049581    3.164562
 4409.717402    3.110907
 4411.385222    3.100014
 4413.053043    3.024034
 4414.720863    2.885485
 4416.388684    2.838268
 4418.056504    2.874743
 4419.724325    2.835266
 4421.392145    2.801368
 4423.059966    2.755721
 4424.727786    2.741342
 4426.395607    2.616711
 4428.063427    2.530983
 4429.731248    2.473560
 4431.399068    2.508478
 4433.066889    2.504667
 4434.734709    2.360769
 4436.402530    2.379684
 4438.070351    2.392216
 4439.738171    2.165627
 4441.405991    2.268155
 4443.073812    2.246182
 4444.741632    2.066567
 4446.409453    2.030882
 4448.077273    2.167219
 4449.745094    2.039252
 4451.412914    2.037668
 4453.080735    1.974553
 4454.748556    1.928825
 4456.416376    1.927674
 4458.084196    1.832540
 4459.752017    1.826027
 4461.419837    1.718670
 4463.087658    1.802845
 4464.755478    1.734612
 4466.423299    1.696265
 4468.091119    1.720563
 4469.758940    1.573858
 4471.426760    1.624654
 4473.094581    1.582493
 4474.762402    1.577562
 4476.430222    1.579558
 4478.098042    1.472401
 4479.765863    1.439605
 4481.433683    1.517499
 4483.101504    1.420650
 4484.769324    1.431583
 4486.437145    1.434513
 4488.104965    1.405554
 4489.772786    1.403066
 4491.440606    1.315573
 4493.108427    1.291488
 4494.776247    1.332724
 4496.444068    1.282939
 4498.111888    1.240059
 4499.779709    1.196155
 4501.447529    1.185351
 4503.115350    1.182314
 4504.783170    1.167293
 4506.450991    1.191569
 4508.118811    1.117694
 4509.786632    1.086800
 4511.454452    1.104903
 4513.122273    1.073528
 4514.790093    1.044483
 4516.457914    1.003439
 4518.125734    0.976249
 4519.793555    0.984724
 4521.461376    0.971091
 4523.129196    0.966721
 4524.797016    0.905985
 4526.464837    0.911657
 4528.132657    0.864739
 4529.800478    0.880933
 4531.468298    0.868603
 4533.136119    0.836001
 4534.803939    0.827486
 4536.471760    0.787788
 4538.139581    0.771529
 4539.807401    0.763942
 4541.475221    0.756050
 4543.143042    0.729566
 4544.810862    0.712140
 4546.478683    0.734712
 4548.146503    0.711751
 4549.814324    0.677249
 4551.482144    0.662752
 4553.149965    0.660805
 4554.817786    0.658110
 4556.485606    0.622558
 4558.153427    0.623111
 4559.821247    0.594248
 4561.489067    0.597078
 4563.156888    0.589202
 4564.824708    0.570385
 4566.492529    0.549098
 4568.160349    0.546517
 4569.828170    0.509048
 4571.495990    0.517400
 4573.163811    0.523634
 4574.831632    0.506552
 4576.499452    0.485391
 4578.167272    0.484552
 4579.835093    0.453629
 4581.502913    0.454721
 4583.170734    0.451991
 4584.838554    0.436139
 4586.506375    0.432513
 4588.174195    0.431537
 4589.842016    0.427856
 4591.509836    0.415493
 4593.177657    0.396148
 4594.845477    0.388899
 4596.513298    0.394359
 4598.181118    0.358037
 4599.848939    0.367524
 4601.516759    0.365367
 4603.184580    0.364597
 4604.852400    0.358053
 4606.520221    0.353037
 4608.188041    0.326856
 4609.855862    0.324161
 4611.523682    0.345014
 4613.191503    0.317800
 4614.859323    0.311330
 4616.527144    0.321345
 4618.194964    0.300726
 4619.862785    0.308250
 4621.530606    0.298925
 4623.198426    0.282001
 4624.866246    0.294377
 4626.534067    0.277695
 4628.201887    0.276405
 4629.869708    0.267331
 4631.537528    0.272542
 4633.205349    0.261461
 4634.873169    0.258898
 4636.540990    0.251272
 4638.208811    0.250548
 4639.876631    0.246146
 4641.544451    0.244922
 4643.212272    0.228120
 4644.880092    0.225341
 4646.547913    0.225327
 4648.215733    0.225252
 4649.883554    0.228716
 4651.551374    0.221347
 4653.219195    0.212002
 4654.887015    0.219090
 4656.554836    0.205243
 4658.222657    0.206041
 4659.890477    0.199247
 4661.558297    0.202869
 4663.226118    0.196302
 4664.893938    0.188548
 4666.561759    0.188063
 4668.229579    0.190221
 4669.897400    0.189696
 4671.565220    0.184750
 4673.233041    0.178358
 4674.900861    0.181414
 4676.568682    0.180209
 4678.236502    0.170970
 4679.904323    0.169264
 4681.572143    0.169564
 4683.239964    0.168463
 4684.907784    0.168969
 4686.575605    0.158785
 4688.243425    0.154767
 4689.911246    0.159070
 4691.579066    0.150478
 4693.246887    0.159825
 4694.914707    0.146972
 4696.582528    0.144010
 4698.250348    0.143254
 4699.918169    0.138976
 4701.585989    0.136065
 4703.253810    0.137714
 4704.921630    0.136291
 4706.589451    0.138545
 4708.257271    0.138532
 4709.925092    0.132411
 4711.592912    0.127108
 4713.260733    0.133242
 4714.928553    0.131741
 4716.596374    0.123251
 4718.264194    0.120547
 4719.932015    0.123223
 4721.599836    0.122719
 4723.267656    0.122729
 4724.935476    0.123015
 4726.603297    0.120423
 4728.271117    0.118212
 4729.938938    0.115496
 4731.606758    0.109349
 4733.274579    0.114265
 4734.942399    0.107380
 4736.610220    0.107884
 4738.278041    0.102264
 4739.945861    0.102798
 4741.613681    0.102072
 4743.281502    0.101788
 4744.949322    0.103268
 4746.617143    0.098238
 4748.284963    0.099524
 4749.952784    0.098915
 4751.620604    0.093311
 4753.288425    0.096024
 4754.956245    0.095388
 4756.624066    0.093382
 4758.291887    0.089245
 4759.959707    0.089855
 4761.627527    0.091171
 4763.295348    0.088909
 4764.963168    0.085510
 4766.630989    0.087928
 4768.298809    0.088447
 4769.966630    0.085145
 4771.634450    0.084163
 4773.302271    0.085169
 4774.970091    0.083716
 4776.637912    0.084943
 4778.305732    0.084253
 4779.973553    0.081706
 4781.641373    0.079099
 4783.309194    0.082399
 4784.977014    0.080947
 4786.644835    0.077800
 4788.312655    0.078568
 4789.980476    0.075407
 4791.648296    0.080091
 4793.316117    0.074069
 4794.983937    0.075816
 4796.651758    0.074215
 4798.319578    0.075404
 4799.987399    0.074925
 4801.655219    0.074659
 4803.323040    0.075150
 4804.990861    0.070168
 4806.658681    0.072463
 4808.326501    0.069589
 4809.994322    0.070182
 4811.662142    0.069240
 4813.329963    0.070540
 4814.997783    0.072023
 4816.665604    0.069096
 4818.333424    0.068197
 4820.001245    0.067851
 4821.669066    0.068579
 4823.336886    0.064277
 4825.004706    0.067831
 4826.672527    0.063931
 4828.340347    0.064782
 4830.008168    0.065643
 4831.675988    0.066995
 4833.343809    0.063927
 4835.011629    0.065661
 4836.679450    0.066220
 4838.347270    0.064947
 4840.015091    0.067431
 4841.682912    0.064637
 4843.350732    0.062823
 4845.018552    0.061033
 4846.686373    0.065051
 4848.354193    0.064396
 4850.022014    0.064515
 4851.689834    0.065404
 4853.357655    0.061959
 4855.025475    0.062092
 4856.693296    0.060064
 4858.361116    0.058283
 4860.028937    0.062536
 4861.696757    0.060489
 4863.364578    0.062916
 4865.032398    0.060678
 4866.700219    0.061077
 4868.368039    0.060516
 4870.035860    0.060140
 4871.703680    0.060372
 4873.371501    0.064181
 4875.039321    0.062172
 4876.707142    0.064725
 4878.374962    0.061160
 4880.042783    0.061792
 4881.710603    0.063726
 4883.378424    0.062832
 4885.046244    0.062121
 4886.714065    0.063992
 4888.381885    0.062928
 4890.049706    0.063093
 4891.717526    0.066424
 4893.385347    0.062058
 4895.053167    0.064501
 4896.720988    0.064220
 4898.388808    0.067333
 4900.056629    0.068100
 4901.724449    0.068356
 4903.392270    0.065903
 4905.060091    0.068081
 4906.727911    0.067486
 4908.395731    0.068486
 4910.063552    0.072595
 4911.731372    0.070339
 4913.399193    0.070801
 4915.067013    0.072543
 4916.734834    0.075210
 4918.402654    0.073985
 4920.070475    0.077570
 4921.738296    0.078325
 4923.406116    0.077784
 4925.073936    0.081335
 4926.741757    0.080089
 4928.409577    0.080212
 4930.077398    0.083797
 4931.745218    0.086337
 4933.413039    0.086680
 4935.080859    0.087131
 4936.748680    0.091258
 4938.416500    0.092843
 4940.084321    0.091288
 4941.752142    0.095732
 4943.419962    0.096590
 4945.087782    0.096851
 4946.755603    0.100254
 4948.423423    0.100138
 4950.091244    0.103980
 4951.759064    0.103086
 4953.426885    0.105035
 4955.094705    0.111099
 4956.762526    0.110390
 4958.430346    0.111631
 4960.098167    0.115638
 4961.765987    0.120641
 4963.433808    0.119580
 4965.101628    0.126025
 4966.769449    0.123346
 4968.437269    0.128532
 4970.105090    0.134837
 4971.772910    0.137893
 4973.440731    0.134052
 4975.108551    0.141172
 4976.776372    0.144222
 4978.444192    0.144087
 4980.112013    0.143160
 4981.779833    0.152105
 4983.447654    0.155382
 4985.115474    0.155489
 4986.783295    0.153700
 4988.451116    0.160404
 4990.118936    0.161521
 4991.786756    0.170210
 4993.454577    0.172670
 4995.122397    0.171361
 4996.790218    0.175130
 4998.458038    0.185739
 5000.125859    0.183731
