    0.000000  579.512345
    1.667820  573.161285
    3.335641  518.656803
    5.003461  500.888711
    6.671282  465.064569
    8.339102  422.228957
   10.006923  376.443793
   11.674743  334.538288
   13.342564  325.703191
   15.010384  305.671129
   16.678205  266.192406
   18.346025  260.792099
   20.013846  244.910763
   21.681666  228.354169
   23.349487  218.748481
   25.017307  191.386768
   26.685128  191.589620
   28.352948  171.930099
   30.020769  165.920099
   31.688589  157.070978
   33.356410  146.894880
   35.024231  144.317222
   36.692051  135.588234
   38.359871  134.581550
   40.027692  123.754200
   41.695512  115.999447
   43.363333  111.907110
   45.031154  110.201023
   46.698974  105.487314
   48.366794  105.118402
   50.034615   93.490981
   51.702435   93.491925
   53.370256   87.876825
   55.038076   86.285449
   56.705897   86.736524
   58.373717   85.829121
   60.041538   76.844911
   61.709359   73.992127
   63.377179   75.120438
   65.044999   71.040893
   66.712820   68.505757
   68.380640   65.652310
   70.048461   63.759318
   71.716281   59.655481
   73.384102   59.644437
   75.051922   57.074401
   76.719743   57.377078
   78.387563   53.193293
   80.055384   52.527205
   81.723204   49.621738
   83.391025   49.269415
   85.058845   45.794079
   86.726666   46.636138
   88.394486   44.538943
   90.062307   41.212493
   91.730127   41.258058
   93.397948   39.283993
   95.065768   37.542643
   96.733589   37.225252
   98.401409   34.539112
  100.069230   33.948824
  101.737050   31.478976
  103.404871   29.602362
  105.072691   29.354251
  106.740512   26.582682
  108.408332   26.059368
  110.076153   26.344358
  111.743973   25.162153
  113.411794   24.055107
  115.079614   22.708428
  116.747435   21.680892
  118.415255   21.064657
  120.083076   19.876298
  121.750896   20.866866
  123.418717   19.503629
  125.086537   19.040034
  126.754358   18.215140
  128.422179   17.199745
  130.089999   17.078822
  131.757819   15.638719
  133.425640   15.324933
  135.093460   15.082089
  136.761281   14.542055
  138.429102   14.341698
  140.096922   13.422371
  141.764742   13.282315
  143.432563   12.750009
  145.100383   12.658419
  146.768204   12.121249
  148.436025   11.587181
  150.103845   11.763286
  151.771665   10.505941
  153.439486   10.573951
  155.107306   10.741348
  156.775127    9.960347
  158.442947    9.979854
  160.110768    9.671508
  161.778588    9.498881
  163.446409    9.115235
  165.114229    8.972026
  166.782050    8.828220
  168.449870    8.288419
  170.117691    8.189326
  171.785511    7.979505
  173.453332    8.026863
  175.121152    7.461076
  176.788973    7.103819
  178.456793    7.155205
  180.124614    6.896008
  181.792434    6.512125
  183.460255    6.640163
  185.128075    6.483008
  186.795896    6.301871
  188.463717    5.934165
  190.131537    6.091763
  191.799357    5.883003
  193.467178    5.792616
  195.134998    5.398319
  196.802819    5.374641
  198.470639    5.350014
  200.138460    5.064049
  201.806280    4.950815
  203.474101    4.811451
  205.141921    4.662684
  206.809742    4.719736
  208.477562    4.614955
  210.145383    4.575060
  211.813203    4.482241
  213.481024    4.309929
  215.148844    4.136645
  216.816665    4.154127
  218.484485    4.042746
  220.152306    3.917864
  221.820126    3.938998
  223.487947    3.721686
  225.155767    3.622979
  226.823588    3.588479
  228.491408    3.619768
  230.159229    3.533345
  231.827049    3.423758
  233.494870    3.317900
  235.162690    3.165436
  236.830511    3.164562
  238.498331    3.110907
  240.166152    3.100014
  241.833972    3.024034
  243.501793    2.885485
  245.169613    2.838268
  246.837434    2.874743
  248.505254    2.835266
  250.173075    2.801368
  251.840895    2.755721
  253.508716    2.741342
  255.176536    2.616711
  256.844357    2.530983
  258.512177    2.473560
  260.179998    2.508478
  261.847818    2.504667
  263.515639    2.360769
  265.183459    2.379684
  266.851280    2.392216
  268.519100    2.165627
  270.186921    2.268155
  271.854741    2.246182
  273.522562    2.066567
  275.190382    2.030882
  276.858203    2.167219
  278.526023    2.039252
  280.193844    2.037668
  281.861664    1.974553
  283.529485    1.928825
  285.197305    1.927674
  286.865126    1.832540
  288.532946    1.826027
  290.200767    1.718670
  291.868587    1.802845
  293.536408    1.734612
  295.204228    1.696265
  296.872049    1.720563
  298.539869    1.573858
  300.207690    1.624654
  301.875511    1.582493
  303.543331    1.577562
  305.211151    1.579558
  306.878972    1.472401
  308.546792    1.439605
  310.214613    1.517499
  311.882433    1.420650
  313.550254    1.431583
  315.218074    1.434513
  316.885895    1.405554
  318.553716    1.403066
  320.221536    1.315573
  321.889356    1.291488
  323.557177    1.332724
  325.224997    1.282939
  326.892818    1.240059
  328.560638    1.196155
  330.228459    1.185351
  331.896279    1.182314
  333.564100    1.167293
  335.231921    1.191569
  336.899741    1.117694
  338.567561    1.086800
  340.235382    1.104903
  341.903202    1.073528
  343.571023    1.044483
  345.238843    1.003439
  346.906664    0.976249
  348.574484    0.984724
  350.242305    0.971091
  351.910125    0.966721
  353.577946    0.905985
  355.245767    0.911657
  356.913587    0.864739
  358.581407    0.880933
  360.249228    0.868603
  361.917048    0.836001
  363.584869    0.827486
  365.252689    0.787788
  366.920510    0.771529
  368.588330    0.763942
  370.256151    0.756050
  371.923971    0.729566
  373.591792    0.712140
  375.259612    0.734712
  376.927433    0.711751
  378.595253    0.677249
  380.263074    0.662752
  381.930894    0.660805
  383.598715    0.658110
  385.266535    0.622558
  386.934356    0.623111
  388.602176    0.594248
  390.269997    0.597078
  391.937817    0.589202
  393.605638    0.570385
  395.273458    0.549098
  396.941279    0.546517
  398.609099    0.509048
  400.276920    0.517400
  401.944740    0.523634
  403.612561    0.506552
  405.280381    0.485391
  406.948202    0.484552
  408.616022    0.453629
  410.283843    0.454721
  411.951663    0.451991
  413.619484    0.436139
  415.287304    0.432513
  416.955125    0.431537
  418.622945    0.427856
  420.290766    0.415493
  421.958586    0.396148
  423.626407    0.388899
  425.294227    0.394359
  426.962048    0.358037
  428.629868    0.367524
  430.297689    0.365367
  431.965509    0.364597
  433.633330    0.358053
  435.301151    0.353037
  436.968971    0.326856
  438.636791    0.324161
  440.304612    0.345014
  441.972432    0.317800
  443.640253    0.311330
  445.308073    0.321345
  446.975894    0.300726
  448.643714    0.308250
  450.311535    0.298925
  451.979355    0.282001
  453.647176    0.294377
  455.314996    0.277695
  456.982817    0.276405
  458.650637    0.267331
  460.318458    0.272542
  461.986278    0.261461
  463.654099    0.258898
  465.321919    0.251272
  466.989740    0.250548
  468.657560    0.246146
  470.325381    0.244922
  471.993201    0.228120
  473.661022    0.225341
  475.328842    0.225327
  476.996663    0.225252
  478.664483    0.228716
  480.332304    0.221347
  482.000124    0.212002
  483.667945    0.219090
  485.335765    0.205243
  487.003586    0.206041
  488.671406    0.199247
  490.339227    0.202869
  492.007047    0.196302
  493.674868    0.188548
  495.342688    0.188063
  497.010509    0.190221
  498.678329    0.189696
  500.346150    0.184750
  502.013970    0.178358
  503.681791    0.181414
  505.349611    0.180209
  507.017432    0.170970
  508.685252    0.169264
  510.353073    0.169564
  512.020893    0.168463
  513.688714    0.168969
  515.356534    0.158785
  517.024355    0.154767
  518.692175    0.159070
  520.359996    0.150478
  522.027816    0.159825
  523.695637    0.146972
  525.363457    0.144010
  527.031278    0.143254
  528.699098    0.138976
  530.366919    0.136065
  532.034739    0.137714
  533.702560    0.136291
  535.370381    0.138545
  537.038201    0.138532
  538.706021    0.132411
  540.373842    0.127108
  542.041662    0.133242
  543.709483    0.131741
  545.377304    0.123251
  547.045124    0.120547
  548.712944    0.123223
  550.380765    0.122719
  552.048585    0.122729
  553.716406    0.123015
  555.384226    0.120423
  557.052047    0.118212
  558.719867    0.115496
  560.387688    0.109349
  562.055508    0.114265
  563.723329    0.107380
  565.391149    0.107884
  567.058970    0.102264
  568.726790    0.102798
  570.394611    0.102072
  572.062431    0.101788
  573.730252    0.103268
  575.398072    0.098238
  577.065893    0.099524
  578.733714    0.098915
  580.401534    0.093311
  582.069354    0.096024
  583.737175    0.095388
  585.404995    0.093382
  587.072816    0.089245
  588.740636    0.089855
  590.408457    0.091171
  592.076277    0.088909
  593.744098    0.085510
  595.411918    0.087928
  597.079739    0.088447
  598.747559    0.085145
  600.415380    0.084163
  602.083200    0.085169
  603.751021    0.083716
  605.418841    0.084943
  607.086662    0.084253
  608.754482    0.081706
  610.422303    0.079099
  612.090124    0.082399
  613.757944    0.080947
  615.425764    0.077800
  617.093585    0.078568
  618.761405    0.075407
  620.429226    0.080091
  622.097046    0.074069
  623.764867    0.075816
  625.432687    0.074215
  627.100508    0.075404
  628.768328    0.074925
  630.436149    0.074659
  632.103969    0.075150
  633.771790    0.070168
  635.439610    0.072463
  637.107431    0.069589
  638.775251    0.070182
  640.443072    0.069240
  642.110892    0.070540
  643.778713    0.072023
  645.446533    0.069096
  647.114354    0.068197
  648.782174    0.067851
  650.449995    0.068579
  652.117816    0.064277
  653.785636    0.067831
  655.453456    0.063931
  657.121277    0.064782
  658.789097    0.065643
  660.456918    0.066995
  662.124739    0.063927
  663.792559    0.065661
  665.460379    0.066220
  667.128200    0.064947
  668.796020    0.067431
  670.463841    0.064637
  672.131661    0.062823
  673.799482    0.061033
  675.467302    0.065051
  677.135123    0.064396
  678.802943    0.064515
  680.470764    0.065404
  682.138584    0.061959
  683.806405    0.062092
  685.474225    0.060064
  687.142046    0.058283
  688.809866    0.062536
  690.477687    0.060489
  692.145507    0.062916
  693.813328    0.060678
  695.481149    0.061077
  697.148969    0.060516
  698.816789    0.060140
  700.484610    0.060372
  702.152430    0.064181
  703.820251    0.062172
  705.488071    0.064725
  707.155892    0.061160
  708.823712    0.061792
  710.491533    0.063726
  712.159353    0.062832
  713.827174    0.062121
  715.494994    0.063992
  717.162815    0.062928
  718.830635    0.063093
  720.498456    0.066424
  722.166276    0.062058
  723.834097    0.064501
  725.501917    0.064220
  727.169738    0.067333
  728.837559    0.068100
  730.505379    0.068356
  732.173199    0.065903
  733.841020    0.068081
  735.508840    0.067486
  737.176661    0.068486
  738.844481    0.072595
  740.512302    0.070339
  742.180122    0.070801
  743.847943    0.072543
  745.515763    0.075210
  747.183584    0.073985
  748.851404    0.077570
  750.519225    0.078325
  752.187045    0.077784
  753.854866    0.081335
  755.522686    0.080089
  757.190507    0.080212
  758.858327    0.083797
  760.526148    0.086337
  762.193968    0.086680
  763.861789    0.087131
  765.529609    0.091258
  767.197430    0.092843
  768.865251    0.091288
  770.533071    0.095732
  772.200891    0.096590
  773.868712    0.096851
  775.536532    0.100254
  777.204353    0.100138
  778.872173    0.103980
  780.539994    0.103086
  782.207814    0.105035
  783.875635    0.111099
  785.543455    0.110390
  787.211276    0.111631
  788.879096    0.115638
  790.546917    0.120641
  792.214737    0.119580
  793.882558    0.126025
  795.550378    0.123346
  797.218199    0.128532
  798.886019    0.134837
  800.553840    0.137893
  802.221660    0.134052
  803.889481    0.141172
  805.557301    0.144222
  807.225122    0.144087
  808.892942    0.143160
  810.560763    0.152105
  812.228584    0.155382
  813.896404    0.155489
  815.564224    0.153700
  817.232045    0.160404
  818.899865    0.161521
  820.567686    0.170210
  822.235506    0.172670
  823.903327    0.171361
  825.571147    0.175130
  827.238968    0.185739
  828.906788    0.183731
  830.574609    0.185397
  832.242429    0.180053
  833.910250    0.184876
  835.578070    0.194264
  837.245891    0.194662
  838.913711    0.202393
  840.581532    0.194200
  842.249352    0.191028
  843.917173    0.189728
  845.584993    0.194719
  847.252814    0.188399
  848.920634    0.189437
  850.588455    0.194224
  852.256275    0.180271
  853.924096    0.183166
  855.591916    0.195255
  857.259737    0.192253
  858.927557    0.190437
  860.595378    0.201852
  862.263198    0.198770
  863.931019    0.198999
  865.598839    0.199885
  867.266660    0.191455
  868.934480    0.175914
  870.602301    0.189507
  872.270121    0.176905
  873.937942    0.168817
  875.605762    0.160629
  877.273583    0.161443
  878.941403    0.156043
  880.609224    0.151909
  882.277044    0.144818
  883.944865    0.141639
  885.612685    0.144332
  887.280506    0.138851
  888.948326    0.132321
  890.616147    0.134112
  892.283967    0.131404
  893.951788    0.130062
  895.619608    0.128868
  897.287429    0.124900
  898.955249    0.122455
  900.623070    0.121768
  902.290890    0.124376
  903.958711    0.121820
  905.626531    0.120675
  907.294352    0.116225
  908.962172    0.120426
  910.629993    0.115477
  912.297813    0.115547
  913.965634    0.114693
  915.633454    0.119157
  917.301275    0.114680
  918.969095    0.113017
  920.636916    0.117926
  922.304736    0.115373
  923.972557    0.118781
  925.640377    0.113097
  927.308198    0.116725
  928.976019    0.118666
  930.643839    0.120097
  932.311659    0.120746
  933.979480    0.121846
  935.647300    0.119161
  937.315121    0.119859
  938.982941    0.122808
  940.650762    0.126603
  942.318582    0.125719
  943.986403    0.125787
  945.654223    0.128341
  947.322044    0.131384
  948.989864    0.130896
  950.657685    0.131173
  952.325505    0.134679
  953.993326    0.134191
  955.661146    0.135605
  957.328967    0.137616
  958.996787    0.143067
  960.664608    0.144248
  962.332428    0.145978
  964.000249    0.141311
  965.668069    0.143936
  967.335890    0.144705
  969.003710    0.141128
  970.671531    0.148175
  972.339351    0.143482
  974.007172    0.143981
  975.674992    0.146511
  977.342813    0.146285
  979.010633    0.148565
  980.678454    0.151632
  982.346274    0.144432
  984.014095    0.148717
  985.681915    0.143866
  987.349736    0.142855
  989.017556    0.150350
  990.685377    0.145027
  992.353197    0.153160
  994.021018    0.138554
  995.688838    0.142765
  997.356659    0.140971
  999.024479    0.140612
 1000.692300    0.140686
 1002.360120    0.134028
 1004.027941    0.139291
 1005.695761    0.138126
 1007.363582    0.133659
 1009.031402    0.126494
 1010.699223    0.127111
 1012.367043    0.127352
 1014.034864    0.125476
 1015.702684    0.119476
 1017.370505    0.118926
 1019.038325    0.115787
 1020.706146    0.109845
 1022.373966    0.110643
 1024.041787    0.111129
 1025.709607    0.108380
 1027.377428    0.103614
 1029.045248    0.101378
 1030.713069    0.097631
 1032.380889    0.093937
 1034.048710    0.092639
 1035.716530    0.094129
 1037.384351    0.089718
 1039.052171    0.087925
 1040.719992    0.087651
 1042.387812    0.085988
 1044.055633    0.081888
 1045.723454    0.084136
 1047.391274    0.078742
 1049.059094    0.077192
 1050.726915    0.077028
 1052.394736    0.072557
 1054.062556    0.072821
 1055.730376    0.068545
 1057.398197    0.070054
 1059.066017    0.071459
 1060.733838    0.067506
 1062.401658    0.068884
 1064.069479    0.065111
 1065.737299    0.067601
 1067.405120    0.064905
 1069.072940    0.062893
 1070.740761    0.066594
 1072.408581    0.061653
 1074.076402    0.063031
 1075.744222    0.060512
 1077.412043    0.058225
 1079.079863    0.055417
 1080.747684    0.057794
 1082.415504    0.054785
 1084.083325    0.058723
 1085.751145    0.055537
 1087.418966    0.058848
 1089.086786    0.057751
 1090.754607    0.056061
 1092.422427    0.054945
 1094.090248    0.052945
 1095.758069    0.051938
 1097.425889    0.051286
 1099.093709    0.053265
 1100.761530    0.051583
 1102.429350    0.050772
 1104.097171    0.051234
 1105.764991    0.052067
 1107.432812    0.050448
 1109.100632    0.049816
 1110.768453    0.048767
 1112.436273    0.049702
 1114.104094    0.047506
 1115.771915    0.050759
 1117.439735    0.048462
 1119.107555    0.047860
 1120.775376    0.045888
 1122.443196    0.049865
 1124.111017    0.049150
 1125.778837    0.049047
 1127.446658    0.049122
 1129.114478    0.046862
 1130.782299    0.044836
 1132.450120    0.045365
 1134.117940    0.046171
 1135.785760    0.044588
 1137.453581    0.046119
 1139.121401    0.044206
 1140.789222    0.045103
 1142.457042    0.044371
 1144.124863    0.044435
 1145.792683    0.044775
 1147.460504    0.044518
 1149.128324    0.046318
 1150.796145    0.044141
 1152.463965    0.046785
 1154.131786    0.045531
 1155.799606    0.045381
 1157.467427    0.044526
 1159.135247    0.044200
 1160.803068    0.046480
 1162.470889    0.044548
 1164.138709    0.044046
 1165.806529    0.045436
 1167.474350    0.044573
 1169.142170    0.046531
 1170.809991    0.046229
 1172.477811    0.045798
 1174.145632    0.045505
 1175.813452    0.044462
 1177.481273    0.045720
 1179.149093    0.045127
 1180.816914    0.045025
 1182.484735    0.046557
 1184.152555    0.046913
 1185.820375    0.048101
 1187.488196    0.046090
 1189.156016    0.047143
 1190.823837    0.047626
 1192.491657    0.046521
 1194.159478    0.046882
 1195.827298    0.050171
 1197.495119    0.050905
 1199.162939    0.049495
 1200.830760    0.049045
 1202.498580    0.048748
 1204.166401    0.049651
 1205.834221    0.052653
 1207.502042    0.050870
 1209.169862    0.051499
 1210.837683    0.048947
 1212.505504    0.051261
 1214.173324    0.055084
 1215.841144    0.054877
 1217.508965    0.054301
 1219.176785    0.054905
 1220.844606    0.054132
 1222.512426    0.055612
 1224.180247    0.058105
 1225.848067    0.056101
 1227.515888    0.055762
 1229.183708    0.058093
 1230.851529    0.058152
 1232.519350    0.057610
 1234.187170    0.059513
 1235.854990    0.059405
 1237.522811    0.062125
 1239.190631    0.061843
 1240.858452    0.062816
 1242.526272    0.065304
 1244.194093    0.062919
 1245.861913    0.064940
 1247.529734    0.067688
 1249.197555    0.071076
 1250.865375    0.067906
 1252.533195    0.068531
 1254.201016    0.070189
 1255.868836    0.070826
 1257.536657    0.071021
 1259.204477    0.076594
 1260.872298    0.075230
 1262.540118    0.074886
 1264.207939    0.080523
 1265.875759    0.079578
 1267.543580    0.083206
 1269.211400    0.082572
 1270.879221    0.082681
 1272.547041    0.085340
 1274.214862    0.089509
 1275.882682    0.088463
 1277.550503    0.092859
 1279.218323    0.092825
 1280.886144    0.095338
 1282.553964    0.093111
 1284.221785    0.098870
 1285.889605    0.101485
 1287.557426    0.103665
 1289.225246    0.104439
 1290.893067    0.107927
 1292.560887    0.104129
 1294.228708    0.112333
 1295.896528    0.109098
 1297.564349    0.109566
 1299.232170    0.110155
 1300.899990    0.118813
 1302.567810    0.120637
 1304.235631    0.119169
 1305.903451    0.121061
 1307.571272    0.122546
 1309.239092    0.125799
 1310.906913    0.127743
 1312.574733    0.133936
 1314.242554    0.132743
 1315.910374    0.130520
 1317.578195    0.128601
 1319.246015    0.130831
 1320.913836    0.136072
 1322.581656    0.138450
 1324.249477    0.136365
 1325.917297    0.142817
 1327.585118    0.144839
 1329.252939    0.145472
 1330.920759    0.147280
 1332.588579    0.147421
 1334.256400    0.150162
 1335.924220    0.145324
 1337.592041    0.144831
 1339.259861    0.147665
 1340.927682    0.149549
 1342.595502    0.151482
 1344.263323    0.150501
 1345.931143    0.149570
 1347.598964    0.143608
 1349.266784    0.145300
 1350.934605    0.145353
 1352.602425    0.145162
 1354.270246    0.147986
 1355.938066    0.140550
 1357.605887    0.140666
 1359.273707    0.140198
 1360.941528    0.141551
 1362.609348    0.144614
 1364.277169    0.137031
 1365.944990    0.137611
 1367.612810    0.138488
 1369.280630    0.135183
 1370.948451    0.136066
 1372.616271    0.134315
 1374.284092    0.134634
 1375.951912    0.135948
 1377.619733    0.131284
 1379.287553    0.127668
 1380.955374    0.127073
 1382.623194    0.123116
 1384.291015    0.126736
 1385.958835    0.120457
 1387.626656    0.121556
 1389.294476    0.118506
 1390.962297    0.118507
 1392.630117    0.114003
 1394.297938    0.113823
 1395.965758    0.113902
 1397.633579    0.110625
 1399.301399    0.110246
 1400.969220    0.111103
 1402.637040    0.110520
 1404.304861    0.109699
 1405.972681    0.103048
 1407.640502    0.104403
 1409.308322    0.103823
 1410.976143    0.100058
 1412.643963    0.099649
 1414.311784    0.097758
 1415.979605    0.096688
 1417.647425    0.098312
 1419.315245    0.092102
 1420.983066    0.097458
 1422.650886    0.091565
 1424.318707    0.090339
 1425.986527    0.089387
 1427.654348    0.089314
 1429.322168    0.092214
 1430.989989    0.090944
 1432.657809    0.089813
 1434.325630    0.088185
 1435.993450    0.086541
 1437.661271    0.086985
 1439.329091    0.088149
 1440.996912    0.087970
 1442.664732    0.084569
 1444.332553    0.083781
 1446.000373    0.086264
 1447.668194    0.082803
 1449.336014    0.087781
 1451.003835    0.086818
 1452.671655    0.085828
 1454.339476    0.086112
 1456.007296    0.085281
 1457.675117    0.088643
 1459.342937    0.081093
 1461.010758    0.081983
 1462.678578    0.085665
 1464.346399    0.078649
 1466.014219    0.076893
 1467.682040    0.075750
 1469.349860    0.075374
 1471.017681    0.071763
 1472.685501    0.073199
 1474.353322    0.071818
 1476.021142    0.070781
 1477.688963    0.072057
 1479.356783    0.065770
 1481.024604    0.066323
 1482.692425    0.067430
 1484.360245    0.068816
 1486.028065    0.065836
 1487.695886    0.063947
 1489.363706    0.063955
 1491.031527    0.065400
 1492.699347    0.061990
 1494.367168    0.065502
 1496.034988    0.061967
 1497.702809    0.060058
 1499.370629    0.060534
 1501.038450    0.060804
 1502.706270    0.058963
 1504.374091    0.056582
 1506.041911    0.059757
 1507.709732    0.058768
 1509.377552    0.056516
 1511.045373    0.058882
 1512.713193    0.058549
 1514.381014    0.055759
 1516.048834    0.058459
 1517.716655    0.054602
 1519.384475    0.055331
 1521.052296    0.056995
 1522.720116    0.054629
 1524.387937    0.054819
 1526.055757    0.056016
 1527.723578    0.053311
 1529.391398    0.053497
 1531.059219    0.051553
 1532.727040    0.054246
 1534.394860    0.053356
 1536.062680    0.053191
 1537.730501    0.052929
 1539.398321    0.052161
 1541.066142    0.050289
 1542.733962    0.050466
 1544.401783    0.051992
 1546.069603    0.051584
 1547.737424    0.049725
 1549.405244    0.052596
 1551.073065    0.049994
 1552.740885    0.049392
 1554.408706    0.047804
 1556.076526    0.049670
 1557.744347    0.049392
 1559.412167    0.049936
 1561.079988    0.048305
 1562.747808    0.048011
 1564.415629    0.047467
 1566.083449    0.051125
 1567.751270    0.048162
 1569.419090    0.047733
 1571.086911    0.047077
 1572.754731    0.046470
 1574.422552    0.047758
 1576.090372    0.045704
 1577.758193    0.047464
 1579.426013    0.047869
 1581.093834    0.043672
 1582.761654    0.044342
 1584.429475    0.045457
 1586.097295    0.044028
 1587.765116    0.045909
 1589.432936    0.046394
 1591.100757    0.046563
 1592.768577    0.047430
 1594.436398    0.049169
 1596.104218    0.047487
 1597.772039    0.046053
 1599.439860    0.046976
 1601.107680    0.050265
 1602.775500    0.047537
 1604.443321    0.045849
 1606.111141    0.048969
 1607.778962    0.046920
 1609.446782    0.049372
 1611.114603    0.044019
 1612.782423    0.046131
 1614.450244    0.046762
 1616.118064    0.047927
 1617.785885    0.046999
 1619.453705    0.046519
 1621.121526    0.044229
 1622.789346    0.045084
 1624.457167    0.043721
 1626.124987    0.046082
 1627.792808    0.050250
 1629.460628    0.044566
 1631.128449    0.044996
 1632.796269    0.045514
 1634.464090    0.046243
 1636.131910    0.047350
 1637.799731    0.046624
 1639.467551    0.044126
 1641.135372    0.043874
 1642.803192    0.045514
 1644.471013    0.045230
 1646.138833    0.045980
 1647.806654    0.045180
 1649.474475    0.042038
 1651.142295    0.044377
 1652.810115    0.046575
 1654.477936    0.047122
 1656.145756    0.048042
 1657.813577    0.045704
 1659.481397    0.048025
 1661.149218    0.048350
 1662.817038    0.046862
 1664.484859    0.045379
 1666.152679    0.044089
 1667.820500    0.045627
 1669.488320    0.046480
 1671.156141    0.043996
 1672.823961    0.043024
 1674.491782    0.042779
 1676.159602    0.047732
 1677.827423    0.046046
 1679.495243    0.042001
 1681.163064    0.045431
 1682.830884    0.042048
 1684.498705    0.046567
 1686.166525    0.045654
 1687.834346    0.043205
 1689.502166    0.042780
 1691.169987    0.046796
 1692.837807    0.048026
 1694.505628    0.041102
 1696.173448    0.042669
 1697.841269    0.046033
 1699.509089    0.046947
 1701.176910    0.045974
 1702.844730    0.048211
 1704.512551    0.046370
 1706.180371    0.046861
 1707.848192    0.042320
 1709.516012    0.043742
 1711.183833    0.044454
 1712.851653    0.045866
 1714.519474    0.044886
 1716.187295    0.046581
 1717.855115    0.046467
 1719.522935    0.042379
 1721.190756    0.046422
 1722.858576    0.043489
 1724.526397    0.046712
 1726.194217    0.042879
 1727.862038    0.043582
 1729.529858    0.045339
 1731.197679    0.045623
 1732.865499    0.043931
 1734.533320    0.047540
 1736.201140    0.043235
 1737.868961    0.046029
 1739.536781    0.044490
 1741.204602    0.043985
 1742.872422    0.047493
 1744.540243    0.047631
 1746.208063    0.044454
 1747.875884    0.043282
 1749.543704    0.044617
 1751.211525    0.043270
 1752.879345    0.044289
 1754.547166    0.044967
 1756.214986    0.045534
 1757.882807    0.046464
 1759.550627    0.045627
 1761.218448    0.046906
 1762.886268    0.044198
 1764.554089    0.045449
 1766.221910    0.043921
 1767.889730    0.043727
 1769.557550    0.048046
 1771.225371    0.051248
 1772.893191    0.043756
 1774.561012    0.045976
 1776.228832    0.044261
 1777.896653    0.046478
 1779.564473    0.047472
 1781.232294    0.046421
 1782.900114    0.045969
 1784.567935    0.046796
 1786.235755    0.045749
 1787.903576    0.046042
 1789.571396    0.045439
 1791.239217    0.047079
 1792.907037    0.046676
 1794.574858    0.048151
 1796.242678    0.043917
 1797.910499    0.045426
 1799.578319    0.046306
 1801.246140    0.045339
 1802.913960    0.048995
 1804.581781    0.044858
 1806.249601    0.044984
 1807.917422    0.046168
 1809.585242    0.045107
 1811.253063    0.046670
 1812.920883    0.044313
 1814.588704    0.044705
 1816.256524    0.044768
 1817.924345    0.045470
 1819.592165    0.044413
 1821.259986    0.045418
 1822.927806    0.045426
 1824.595627    0.045401
 1826.263447    0.048006
 1827.931268    0.043821
 1829.599088    0.045237
 1831.266909    0.044608
 1832.934730    0.046129
 1834.602550    0.046544
 1836.270370    0.046486
 1837.938191    0.045480
 1839.606011    0.047739
 1841.273832    0.047315
 1842.941652    0.045257
 1844.609473    0.044972
 1846.277293    0.044825
 1847.945114    0.043698
 1849.612934    0.044068
 1851.280755    0.044662
 1852.948575    0.047219
 1854.616396    0.043154
 1856.284216    0.047109
 1857.952037    0.044640
 1859.619857    0.046040
 1861.287678    0.046972
 1862.955498    0.045576
 1864.623319    0.045415
 1866.291139    0.045482
 1867.958960    0.045898
 1869.626780    0.044739
 1871.294601    0.044167
 1872.962421    0.046896
 1874.630242    0.045422
 1876.298062    0.048263
 1877.965883    0.046657
 1879.633703    0.045621
 1881.301524    0.045932
 1882.969344    0.046613
 1884.637165    0.047897
 1886.304985    0.047038
 1887.972806    0.045914
 1889.640626    0.046685
 1891.308447    0.045003
 1892.976267    0.044864
 1894.644088    0.047460
 1896.311908    0.043782
 1897.979729    0.046286
 1899.647549    0.044830
 1901.315370    0.044821
 1902.983190    0.044776
 1904.651011    0.047401
 1906.318831    0.046844
 1907.986652    0.046396
 1909.654472    0.046300
 1911.322293    0.049013
 1912.990113    0.043262
 1914.657934    0.049120
 1916.325754    0.044656
 1917.993575    0.044905
 1919.661395    0.043932
 1921.329216    0.046964
 1922.997036    0.043515
 1924.664857    0.047159
 1926.332677    0.046395
 1928.000498    0.048941
 1929.668318    0.047087
 1931.336139    0.043429
 1933.003959    0.043342
 1934.671780    0.045695
 1936.339600    0.048280
 1938.007421    0.048489
 1939.675241    0.048068
 1941.343062    0.046381
 1943.010882    0.045743
 1944.678703    0.046399
 1946.346523    0.043184
 1948.014344    0.048019
 1949.682164    0.045507
 1951.349985    0.046272
 1953.017805    0.045960
 1954.685626    0.049468
 1956.353446    0.045475
 1958.021267    0.044359
 1959.689087    0.045949
 1961.356908    0.044414
 1963.024728    0.045198
 1964.692549    0.046801
 1966.360369    0.047592
 1968.028190    0.048012
 1969.696010    0.048188
 1971.363831    0.047860
 1973.031651    0.045832
 1974.699472    0.048215
 1976.367292    0.046984
 1978.035113    0.045773
 1979.702933    0.046961
 1981.370754    0.045998
 1983.038574    0.046796
 1984.706395    0.047298
 1986.374215    0.043878
 1988.042036    0.047888
 1989.709856    0.046052
 1991.377677    0.045067
 1993.045497    0.048041
 1994.713318    0.045611
 1996.381138    0.046957
 1998.048959    0.044115
 1999.716779    0.049297
 2001.384600    0.047290
 2003.052420    0.047067
 2004.720241    0.045155
 2006.388061    0.044789
 2008.055882    0.044488
 2009.723702    0.049775
 2011.391523    0.045835
 2013.059343    0.047482
 2014.727164    0.045631
 2016.394984    0.045076
 2018.062805    0.045300
 2019.730625    0.046719
 2021.398446    0.048156
 2023.066266    0.049014
 2024.734087    0.047764
 2026.401907    0.049515
 2028.069728    0.047607
 2029.737548    0.045805
 2031.405369    0.045792
 2033.073189    0.047319
 2034.741010    0.049020
 2036.408830    0.046853
 2038.076651    0.042889
 2039.744471    0.048507
 2041.412292    0.047770
 2043.080112    0.043354
 2044.747933    0.046944
 2046.415753    0.047437
 2048.083574    0.046472
 2049.751395    0.046568
 2051.419215    0.045103
 2053.087035    0.046966
 2054.754856    0.045507
 2056.422676    0.046437
 2058.090497    0.044964
 2059.758317    0.048670
 2061.426138    0.046994
 2063.093958    0.046676
 2064.761779    0.047352
 2066.429599    0.046267
 2068.097420    0.044884
 2069.765240    0.047487
 2071.433061    0.045777
 2073.100881    0.045091
 2074.768702    0.048945
 2076.436522    0.046455
 2078.104343    0.045881
 2079.772163    0.045872
 2081.439984    0.047320
 2083.107804    0.046009
 2084.775625    0.045936
 2086.443445    0.044726
 2088.111266    0.046947
 2089.779086    0.047846
 2091.446907    0.045464
 2093.114727    0.043461
 2094.782548    0.048551
 2096.450368    0.044432
 2098.118189    0.050143
 2099.786010    0.046801
 2101.453830    0.047532
 2103.121650    0.045964
 2104.789471    0.049890
 2106.457291    0.042827
 2108.125112    0.045690
 2109.792933    0.051432
 2111.460753    0.048289
 2113.128573    0.047825
 2114.796394    0.045736
 2116.464214    0.044630
 2118.132035    0.045630
 2119.799855    0.046094
 2121.467676    0.046220
 2123.135496    0.047715
 2124.803317    0.046126
 2126.471137    0.046610
 2128.138958    0.048489
 2129.806778    0.043530
 2131.474599    0.046562
 2133.142419    0.049281
 2134.810240    0.046862
 2136.478060    0.047911
 2138.145881    0.048233
 2139.813702    0.046457
 2141.481522    0.047894
 2143.149342    0.048046
 2144.817163    0.046754
 2146.484983    0.047283
 2148.152804    0.046992
 2149.820624    0.043829
 2151.488445    0.046570
 2153.156265    0.045940
 2154.824086    0.045987
 2156.491906    0.046120
 2158.159727    0.047136
 2159.827547    0.046169
 2161.495368    0.049062
 2163.163188    0.049985
 2164.831009    0.045961
 2166.498829    0.048575
 2168.166650    0.046910
 2169.834470    0.047822
 2171.502291    0.045138
 2173.170112    0.046532
 2174.837932    0.050316
 2176.505752    0.046498
 2178.173573    0.050777
 2179.841393    0.045662
 2181.509214    0.046853
 2183.177034    0.044583
 2184.844855    0.046081
 2186.512675    0.044634
 2188.180496    0.047051
 2189.848316    0.045358
 2191.516137    0.048003
 2193.183957    0.048217
 2194.851778    0.048390
 2196.519598    0.045023
 2198.187419    0.045583
 2199.855239    0.047606
 2201.523060    0.046272
 2203.190880    0.044259
 2204.858701    0.047203
 2206.526521    0.043861
 2208.194342    0.048198
 2209.862162    0.045347
 2211.529983    0.045406
 2213.197803    0.047312
 2214.865624    0.049006
 2216.533444    0.045324
 2218.201265    0.045207
 2219.869085    0.044366
 2221.536906    0.045647
 2223.204727    0.046114
 2224.872547    0.044433
 2226.540367    0.047210
 2228.208188    0.047694
 2229.876008    0.044245
 2231.543829    0.044361
 2233.211650    0.048381
 2234.879470    0.044436
 2236.547290    0.046028
 2238.215111    0.049109
 2239.882931    0.045543
 2241.550752    0.046983
 2243.218572    0.046320
 2244.886393    0.045607
 2246.554213    0.047078
 2248.222034    0.045131
 2249.889854    0.043894
 2251.557675    0.044053
 2253.225495    0.045428
 2254.893316    0.046466
 2256.561136    0.047284
 2258.228957    0.047702
 2259.896777    0.049156
 2261.564598    0.045508
 2263.232418    0.043455
 2264.900239    0.044069
 2266.568059    0.045466
 2268.235880    0.042424
 2269.903700    0.047606
 2271.571521    0.044362
 2273.239342    0.046659
 2274.907162    0.044023
 2276.574982    0.045872
 2278.242803    0.045115
 2279.910623    0.043651
 2281.578444    0.044479
 2283.246265    0.046663
 2284.914085    0.042198
 2286.581905    0.044007
 2288.249726    0.047982
 2289.917546    0.044660
 2291.585367    0.046852
 2293.253187    0.043988
 2294.921008    0.043660
 2296.588828    0.042081
 2298.256649    0.048242
 2299.924469    0.041241
 2301.592290    0.044789
 2303.260110    0.043452
 2304.927931    0.043358
 2306.595752    0.045468
 2308.263572    0.044888
 2309.931392    0.045035
 2311.599213    0.043408
 2313.267033    0.046050
 2314.934854    0.047549
 2316.602674    0.045907
 2318.270495    0.044939
 2319.938315    0.043940
 2321.606136    0.043867
 2323.273957    0.047642
 2324.941777    0.042268
 2326.609597    0.039849
 2328.277418    0.044839
 2329.945238    0.045590
 2331.613059    0.044794
 2333.280880    0.045632
 2334.948700    0.045717
 2336.616520    0.043696
 2338.284341    0.045836
 2339.952161    0.045867
 2341.619982    0.044970
 2343.287802    0.041335
 2344.955623    0.041165
 2346.623443    0.043019
 2348.291264    0.044387
 2349.959084    0.047186
 2351.626905    0.045069
 2353.294725    0.042876
 2354.962546    0.044158
 2356.630367    0.042958
 2358.298187    0.044725
 2359.966007    0.041667
 2361.633828    0.044727
 2363.301648    0.043996
 2364.969469    0.042470
 2366.637289    0.039443
 2368.305110    0.041117
 2369.972930    0.044803
 2371.640751    0.042732
 2373.308571    0.045415
 2374.976392    0.041965
 2376.644212    0.042646
 2378.312033    0.047748
 2379.979853    0.045704
 2381.647674    0.043686
 2383.315494    0.043811
 2384.983315    0.043991
 2386.651135    0.041639
 2388.318956    0.043705
 2389.986776    0.044470
 2391.654597    0.045401
 2393.322417    0.043444
 2394.990238    0.046752
 2396.658058    0.042796
 2398.325879    0.045236
 2399.993699    0.043654
 2401.661520    0.044909
 2403.329340    0.044728
 2404.997161    0.043855
 2406.664982    0.041505
 2408.332802    0.042879
 2410.000622    0.042566
 2411.668443    0.044072
 2413.336263    0.046225
 2415.004084    0.043135
 2416.671904    0.043177
 2418.339725    0.042571
 2420.007545    0.043725
 2421.675366    0.041620
 2423.343186    0.043182
 2425.011007    0.044183
 2426.678827    0.043725
 2428.346648    0.044412
 2430.014468    0.043040
 2431.682289    0.044506
 2433.350109    0.040275
 2435.017930    0.042667
 2436.685750    0.040987
 2438.353571    0.043565
 2440.021391    0.043569
 2441.689212    0.044553
 2443.357032    0.042961
 2445.024853    0.039626
 2446.692673    0.043125
 2448.360494    0.041675
 2450.028314    0.044824
 2451.696135    0.044009
 2453.363955    0.042048
 2455.031776    0.043850
 2456.699597    0.042254
 2458.367417    0.042105
 2460.035237    0.043851
 2461.703058    0.045277
 2463.370878    0.041025
 2465.038699    0.043432
 2466.706520    0.043463
 2468.374340    0.043808
 2470.042160    0.042057
 2471.709981    0.042765
 2473.377801    0.039999
 2475.045622    0.044990
 2476.713442    0.041671
 2478.381263    0.043465
 2480.049083    0.040285
 2481.716904    0.040906
 2483.384724    0.039183
 2485.052545    0.041490
 2486.720365    0.040905
 2488.388186    0.042935
 2490.056006    0.040430
 2491.723827    0.040238
 2493.391647    0.041669
 2495.059468    0.040528
 2496.727288    0.041056
 2498.395109    0.040807
 2500.062929    0.042990
 2501.730750    0.041515
 2503.398570    0.038980
 2505.066391    0.040470
 2506.734212    0.041613
 2508.402032    0.042282
 2510.069852    0.039942
 2511.737673    0.039505
 2513.405493    0.041140
 2515.073314    0.039355
 2516.741135    0.041514
 2518.408955    0.044236
 2520.076775    0.039202
 2521.744596    0.041729
 2523.412416    0.041362
 2525.080237    0.041498
 2526.748057    0.042655
 2528.415878    0.040685
 2530.083698    0.037411
 2531.751519    0.041253
 2533.419339    0.038821
 2535.087160    0.041673
 2536.754980    0.042944
 2538.422801    0.041182
 2540.090621    0.042051
 2541.758442    0.042114
 2543.426262    0.040953
 2545.094083    0.041262
 2546.761903    0.039971
 2548.429724    0.039169
 2550.097544    0.042276
 2551.765365    0.041938
 2553.433185    0.040345
 2555.101006    0.037450
 2556.768827    0.041434
 2558.436647    0.040280
 2560.104467    0.037930
 2561.772288    0.040610
 2563.440108    0.043373
 2565.107929    0.038998
 2566.775750    0.039855
 2568.443570    0.042592
 2570.111390    0.040895
 2571.779211    0.040233
 2573.447031    0.039517
 2575.114852    0.039535
 2576.782672    0.039236
 2578.450493    0.040810
 2580.118313    0.038207
 2581.786134    0.037668
 2583.453954    0.040786
 2585.121775    0.038271
 2586.789595    0.039692
 2588.457416    0.040043
 2590.125237    0.040611
 2591.793057    0.042292
 2593.460877    0.039011
 2595.128698    0.038585
 2596.796518    0.038587
 2598.464339    0.039966
 2600.132159    0.037807
 2601.799980    0.037023
 2603.467800    0.041030
 2605.135621    0.039027
 2606.803441    0.038113
 2608.471262    0.038133
 2610.139082    0.040004
 2611.806903    0.039617
 2613.474723    0.038234
 2615.142544    0.038582
 2616.810364    0.040393
 2618.478185    0.039703
 2620.146005    0.036107
 2621.813826    0.039335
 2623.481646    0.037725
 2625.149467    0.040558
 2626.817287    0.036813
 2628.485108    0.038581
 2630.152928    0.037422
 2631.820749    0.038802
 2633.488569    0.040637
 2635.156390    0.038938
 2636.824210    0.036367
 2638.492031    0.037789
 2640.159852    0.038969
 2641.827672    0.040340
 2643.495492    0.040205
 2645.163313    0.039173
 2646.831133    0.039344
 2648.498954    0.036457
 2650.166774    0.038845
 2651.834595    0.037564
 2653.502415    0.039327
 2655.170236    0.039731
 2656.838056    0.035971
 2658.505877    0.039432
 2660.173697    0.039848
 2661.841518    0.036400
 2663.509338    0.036650
 2665.177159    0.036933
 2666.844979    0.035254
 2668.512800    0.038198
 2670.180620    0.039049
 2671.848441    0.038912
 2673.516261    0.038561
 2675.184082    0.035921
 2676.851902    0.040155
 2678.519723    0.041186
 2680.187543    0.038468
 2681.855364    0.036135
 2683.523184    0.037788
 2685.191005    0.038945
 2686.858825    0.033888
 2688.526646    0.039072
 2690.194467    0.037172
 2691.862287    0.037245
 2693.530107    0.037729
 2695.197928    0.037950
 2696.865748    0.035549
 2698.533569    0.035739
 2700.201390    0.039287
 2701.869210    0.035016
 2703.537030    0.034220
 2705.204851    0.035082
 2706.872671    0.037743
 2708.540492    0.036982
 2710.208312    0.036629
 2711.876133    0.038834
 2713.543953    0.038027
 2715.211774    0.037934
 2716.879594    0.034997
 2718.547415    0.032311
 2720.215235    0.038213
 2721.883056    0.036703
 2723.550876    0.035371
 2725.218697    0.035713
 2726.886517    0.037928
 2728.554338    0.035843
 2730.222158    0.035858
 2731.889979    0.034824
 2733.557799    0.035636
 2735.225620    0.035399
 2736.893440    0.038289
 2738.561261    0.033526
 2740.229082    0.035025
 2741.896902    0.036844
 2743.564722    0.035138
 2745.232543    0.039005
 2746.900363    0.035392
 2748.568184    0.034445
 2750.236005    0.034364
 2751.903825    0.035989
 2753.571645    0.035232
 2755.239466    0.034324
 2756.907286    0.035514
 2758.575107    0.034675
 2760.242927    0.033709
 2761.910748    0.037536
 2763.578568    0.034589
 2765.246389    0.036761
 2766.914209    0.034626
 2768.582030    0.035506
 2770.249850    0.035410
 2771.917671    0.036247
 2773.585491    0.034075
 2775.253312    0.034349
 2776.921132    0.034036
 2778.588953    0.033141
 2780.256773    0.033180
 2781.924594    0.035062
 2783.592414    0.034670
 2785.260235    0.034435
 2786.928055    0.033134
 2788.595876    0.036333
 2790.263696    0.032379
 2791.931517    0.036234
 2793.599337    0.035756
 2795.267158    0.034084
 2796.934978    0.032352
 2798.602799    0.033214
 2800.270619    0.034724
 2801.938440    0.034634
 2803.606260    0.032408
 2805.274081    0.033694
 2806.941901    0.031422
 2808.609722    0.032502
 2810.277542    0.033985
 2811.945363    0.034286
 2813.613183    0.034034
 2815.281004    0.033762
 2816.948824    0.033263
 2818.616645    0.034727
 2820.284465    0.032515
 2821.952286    0.036426
 2823.620107    0.033780
 2825.287927    0.034364
 2826.955747    0.033887
 2828.623568    0.033812
 2830.291388    0.032589
 2831.959209    0.031751
 2833.627029    0.032950
 2835.294850    0.033047
 2836.962670    0.032761
 2838.630491    0.034241
 2840.298311    0.033797
 2841.966132    0.032295
 2843.633952    0.032366
 2845.301773    0.034170
 2846.969593    0.032622
 2848.637414    0.033751
 2850.305234    0.033218
 2851.973055    0.032199
 2853.640875    0.032080
 2855.308696    0.034735
 2856.976516    0.033165
 2858.644337    0.034791
 2860.312157    0.031873
 2861.979978    0.034750
 2863.647798    0.031461
 2865.315619    0.030941
 2866.983439    0.031675
 2868.651260    0.031477
 2870.319080    0.033338
 2871.986901    0.031966
 2873.654722    0.029995
 2875.322542    0.032436
 2876.990362    0.031883
 2878.658183    0.031195
 2880.326003    0.032652
 2881.993824    0.032870
 2883.661644    0.030563
 2885.329465    0.034201
 2886.997285    0.030847
 2888.665106    0.029058
 2890.332926    0.029660
 2892.000747    0.031579
 2893.668567    0.031950
 2895.336388    0.031063
 2897.004208    0.032770
 2898.672029    0.031120
 2900.339849    0.032493
 2902.007670    0.032888
 2903.675490    0.033218
 2905.343311    0.032731
 2907.011131    0.030168
 2908.678952    0.032057
 2910.346772    0.031367
 2912.014593    0.032685
 2913.682413    0.029402
 2915.350234    0.030166
 2917.018054    0.031454
 2918.685875    0.028958
 2920.353695    0.032468
 2922.021516    0.030986
 2923.689337    0.029463
 2925.357157    0.029300
 2927.024977    0.029199
 2928.692798    0.031445
 2930.360618    0.031734
 2932.028439    0.029942
 2933.696259    0.029364
 2935.364080    0.030006
 2937.031900    0.031622
 2938.699721    0.030111
 2940.367541    0.029639
 2942.035362    0.031649
 2943.703182    0.028513
 2945.371003    0.028536
 2947.038823    0.030031
 2948.706644    0.030259
 2950.374464    0.031130
 2952.042285    0.030983
 2953.710105    0.028528
 2955.377926    0.028487
 2957.045746    0.027456
 2958.713567    0.029747
 2960.381387    0.027053
 2962.049208    0.028231
 2963.717028    0.027718
 2965.384849    0.028546
 2967.052669    0.028784
 2968.720490    0.028895
 2970.388310    0.029212
 2972.056131    0.027451
 2973.723952    0.027479
 2975.391772    0.028777
 2977.059592    0.028986
 2978.727413    0.029059
 2980.395233    0.029857
 2982.063054    0.027621
 2983.730875    0.027146
 2985.398695    0.026873
 2987.066515    0.027036
 2988.734336    0.027651
 2990.402156    0.028175
 2992.069977    0.029186
 2993.737797    0.027820
 2995.405618    0.027981
 2997.073438    0.025952
 2998.741259    0.026985
 3000.409079    0.028849
 3002.076900    0.028309
 3003.744720    0.027530
 3005.412541    0.026381
 3007.080361    0.028455
 3008.748182    0.026848
 3010.416002    0.025155
 3012.083823    0.027051
 3013.751643    0.026143
 3015.419464    0.026214
 3017.087284    0.025729
 3018.755105    0.028283
 3020.422925    0.027049
 3022.090746    0.027183
 3023.758566    0.027381
 3025.426387    0.026636
 3027.094207    0.025412
 3028.762028    0.026633
 3030.429848    0.026998
 3032.097669    0.027444
 3033.765489    0.027721
 3035.433310    0.025765
 3037.101130    0.026555
 3038.768951    0.027569
 3040.436771    0.026314
 3042.104592    0.026201
 3043.772412    0.024414
 3045.440233    0.025617
 3047.108053    0.029612
 3048.775874    0.026388
 3050.443694    0.025170
 3052.111515    0.024843
 3053.779335    0.026244
 3055.447156    0.025638
 3057.114977    0.026326
 3058.782797    0.026018
 3060.450617    0.026070
 3062.118438    0.026853
 3063.786258    0.026754
 3065.454079    0.026411
 3067.121899    0.023584
 3068.789720    0.024053
 3070.457540    0.026095
 3072.125361    0.025473
 3073.793181    0.024592
 3075.461002    0.024115
 3077.128822    0.025352
 3078.796643    0.023551
 3080.464463    0.024601
 3082.132284    0.023644
 3083.800104    0.023395
 3085.467925    0.026609
 3087.135745    0.024393
 3088.803566    0.024121
 3090.471386    0.025662
 3092.139207    0.025559
 3093.807027    0.023363
 3095.474848    0.023940
 3097.142668    0.026198
 3098.810489    0.025137
 3100.478309    0.022324
 3102.146130    0.023991
 3103.813950    0.023195
 3105.481771    0.023358
 3107.149592    0.024705
 3108.817412    0.024412
 3110.485232    0.022415
 3112.153053    0.022640
 3113.820873    0.023441
 3115.488694    0.021738
 3117.156514    0.023968
 3118.824335    0.022328
 3120.492155    0.023945
 3122.159976    0.023050
 3123.827796    0.022460
 3125.495617    0.020288
 3127.163437    0.023157
 3128.831258    0.023697
 3130.499078    0.022296
 3132.166899    0.023212
 3133.834719    0.023137
 3135.502540    0.023031
 3137.170360    0.022529
 3138.838181    0.024480
 3140.506001    0.022477
 3142.173822    0.022777
 3143.841642    0.023724
 3145.509463    0.021950
 3147.177283    0.022373
 3148.845104    0.023406
 3150.512924    0.022736
 3152.180745    0.023612
 3153.848565    0.021743
 3155.516386    0.021249
 3157.184207    0.023281
 3158.852027    0.022307
 3160.519847    0.023838
 3162.187668    0.021858
 3163.855488    0.021130
 3165.523309    0.022382
 3167.191129    0.022213
 3168.858950    0.022645
 3170.526770    0.022059
 3172.194591    0.022353
 3173.862411    0.021282
 3175.530232    0.021411
 3177.198052    0.020144
 3178.865873    0.022144
 3180.533693    0.021037
 3182.201514    0.021421
 3183.869334    0.020001
 3185.537155    0.020949
 3187.204975    0.020569
 3188.872796    0.020978
 3190.540616    0.021716
 3192.208437    0.021234
 3193.876257    0.020531
 3195.544078    0.020859
 3197.211898    0.021549
 3198.879719    0.020649
 3200.547539    0.020368
 3202.215360    0.020568
 3203.883180    0.019566
 3205.551001    0.020062
 3207.218822    0.019846
 3208.886642    0.020068
 3210.554462    0.021142
 3212.222283    0.020768
 3213.890103    0.019554
 3215.557924    0.021570
 3217.225744    0.020241
 3218.893565    0.019938
 3220.561385    0.019876
 3222.229206    0.020238
 3223.897026    0.019684
 3225.564847    0.019849
 3227.232667    0.020282
 3228.900488    0.020133
 3230.568308    0.020219
 3232.236129    0.019735
 3233.903949    0.019994
 3235.571770    0.020044
 3237.239590    0.019625
 3238.907411    0.019631
 3240.575231    0.019729
 3242.243052    0.019865
 3243.910872    0.019416
 3245.578693    0.018509
 3247.246513    0.019504
 3248.914334    0.019371
 3250.582154    0.018197
 3252.249975    0.017801
 3253.917795    0.020274
 3255.585616    0.018773
 3257.253436    0.018209
 3258.921257    0.019297
 3260.589077    0.018129
 3262.256898    0.019237
 3263.924718    0.018254
 3265.592539    0.017799
 3267.260359    0.019726
 3268.928180    0.018735
 3270.596000    0.018549
 3272.263821    0.017503
 3273.931641    0.018834
 3275.599462    0.019558
 3277.267282    0.016863
 3278.935103    0.018964
 3280.602923    0.017061
 3282.270744    0.018339
 3283.938564    0.017873
 3285.606385    0.018526
 3287.274205    0.016600
 3288.942026    0.017937
 3290.609847    0.017806
 3292.277667    0.017048
 3293.945487    0.017264
 3295.613308    0.017348
 3297.281128    0.016178
 3298.948949    0.018208
 3300.616769    0.017794
 3302.284590    0.016676
 3303.952410    0.016761
 3305.620231    0.018376
 3307.288051    0.016491
 3308.955872    0.017598
 3310.623692    0.016695
 3312.291513    0.017229
 3313.959333    0.017129
 3315.627154    0.016595
 3317.294974    0.016313
 3318.962795    0.015955
 3320.630615    0.017033
 3322.298436    0.017349
 3323.966256    0.016446
 3325.634077    0.017482
 3327.301897    0.016651
 3328.969718    0.016019
 3330.637538    0.016585
 3332.305359    0.016108
 3333.973179    0.015781
 3335.641000    0.016204
 3337.308820    0.017240
 3338.976641    0.016205
 3340.644462    0.016056
 3342.312282    0.016894
 3343.980102    0.015757
 3345.647923    0.015767
 3347.315743    0.015974
 3348.983564    0.015864
 3350.651384    0.015596
 3352.319205    0.015505
 3353.987025    0.016994
 3355.654846    0.014991
 3357.322666    0.016032
 3358.990487    0.016126
 3360.658307    0.014889
 3362.326128    0.015685
 3363.993948    0.016377
 3365.661769    0.015073
 3367.329589    0.015511
 3368.997410    0.014639
 3370.665230    0.015418
 3372.333051    0.015034
 3374.000871    0.015220
 3375.668692    0.014789
 3377.336512    0.014622
 3379.004333    0.015332
 3380.672153    0.014914
 3382.339974    0.014870
 3384.007794    0.014019
 3385.675615    0.014504
 3387.343435    0.015588
 3389.011256    0.015139
 3390.679077    0.014714
 3392.346897    0.014021
 3394.014717    0.014657
 3395.682538    0.013772
 3397.350358    0.013346
 3399.018179    0.013413
 3400.685999    0.013953
 3402.353820    0.013529
 3404.021640    0.014101
 3405.689461    0.014195
 3407.357281    0.013559
 3409.025102    0.014086
 3410.692922    0.013650
 3412.360743    0.014364
 3414.028563    0.013202
 3415.696384    0.013423
 3417.364204    0.013801
 3419.032025    0.013018
 3420.699845    0.013415
 3422.367666    0.013182
 3424.035486    0.012870
 3425.703307    0.012970
 3427.371127    0.013229
 3429.038948    0.014502
 3430.706768    0.013819
 3432.374589    0.012931
 3434.042409    0.013213
 3435.710230    0.012796
 3437.378050    0.013288
 3439.045871    0.013402
 3440.713691    0.012847
 3442.381512    0.012314
 3444.049332    0.012410
 3445.717153    0.012787
 3447.384973    0.012748
 3449.052794    0.012762
 3450.720614    0.012619
 3452.388435    0.012218
 3454.056255    0.012795
 3455.724076    0.012253
 3457.391896    0.012482
 3459.059717    0.012444
 3460.727537    0.012930
 3462.395358    0.012495
 3464.063178    0.011898
 3465.730999    0.012527
 3467.398819    0.011916
 3469.066640    0.011742
 3470.734460    0.012598
 3472.402281    0.012705
 3474.070101    0.011377
 3475.737922    0.011745
 3477.405742    0.012254
 3479.073563    0.011675
 3480.741383    0.011971
 3482.409204    0.011357
 3484.077024    0.011978
 3485.744845    0.011254
 3487.412665    0.010999
 3489.080486    0.012111
 3490.748306    0.011402
 3492.416127    0.010641
 3494.083947    0.010985
 3495.751768    0.011463
 3497.419588    0.011109
 3499.087409    0.011520
 3500.755229    0.010842
 3502.423050    0.010624
 3504.090870    0.010531
 3505.758691    0.011751
 3507.426511    0.010522
 3509.094332    0.010922
 3510.762152    0.011138
 3512.429973    0.010751
 3514.097793    0.011463
 3515.765614    0.010751
 3517.433434    0.011035
 3519.101255    0.011128
 3520.769075    0.010008
 3522.436896    0.010387
 3524.104716    0.010205
 3525.772537    0.010115
 3527.440357    0.010809
 3529.108178    0.010706
 3530.775998    0.010244
 3532.443819    0.009993
 3534.111639    0.009494
 3535.779460    0.009948
 3537.447280    0.009998
 3539.115101    0.009439
 3540.782921    0.010019
 3542.450742    0.010530
 3544.118562    0.010571
 3545.786383    0.009934
 3547.454203    0.010051
 3549.122024    0.009613
 3550.789844    0.009976
 3552.457665    0.009665
 3554.125485    0.009860
 3555.793306    0.009783
 3557.461126    0.009389
 3559.128947    0.010020
 3560.796767    0.008979
 3562.464588    0.009273
 3564.132408    0.009413
 3565.800229    0.009807
 3567.468049    0.009126
 3569.135870    0.009534
 3570.803690    0.009361
 3572.471511    0.009000
 3574.139332    0.008919
 3575.807152    0.008986
 3577.474972    0.008556
 3579.142793    0.009364
 3580.810613    0.008905
 3582.478434    0.009394
 3584.146254    0.008794
 3585.814075    0.008699
 3587.481895    0.008933
 3589.149716    0.008402
 3590.817536    0.008944
 3592.485357    0.008789
 3594.153177    0.008726
 3595.820998    0.008444
 3597.488818    0.008790
 3599.156639    0.008299
 3600.824459    0.008405
 3602.492280    0.008318
 3604.160100    0.008288
 3605.827921    0.007918
 3607.495741    0.007718
 3609.163562    0.008297
 3610.831382    0.008271
 3612.499203    0.008189
 3614.167023    0.008365
 3615.834844    0.007766
 3617.502664    0.008667
 3619.170485    0.007819
 3620.838305    0.008050
 3622.506126    0.007697
 3624.173947    0.007704
 3625.841767    0.007915
 3627.509587    0.007501
 3629.177408    0.008014
 3630.845228    0.007601
 3632.513049    0.007566
 3634.180869    0.007877
 3635.848690    0.007769
 3637.516510    0.007405
 3639.184331    0.007483
 3640.852151    0.007219
 3642.519972    0.007334
 3644.187792    0.007274
 3645.855613    0.006976
 3647.523433    0.006909
 3649.191254    0.007445
 3650.859074    0.007232
 3652.526895    0.006769
 3654.194715    0.006585
 3655.862536    0.006847
 3657.530356    0.006866
 3659.198177    0.007396
 3660.865997    0.006859
 3662.533818    0.006826
 3664.201638    0.007027
 3665.869459    0.006990
 3667.537279    0.006676
 3669.205100    0.006628
 3670.872920    0.006604
 3672.540741    0.006327
 3674.208561    0.006135
 3675.876382    0.006436
 3677.544202    0.006500
 3679.212023    0.006061
 3680.879843    0.006443
 3682.547664    0.006646
 3684.215484    0.006283
 3685.883305    0.006077
 3687.551125    0.006282
 3689.218946    0.006150
 3690.886766    0.006292
 3692.554587    0.006262
 3694.222407    0.006017
 3695.890228    0.006299
 3697.558048    0.005888
 3699.225869    0.006217
 3700.893689    0.006038
 3702.561510    0.005984
 3704.229330    0.005792
 3705.897151    0.005845
 3707.564971    0.005856
 3709.232792    0.005663
 3710.900612    0.005665
 3712.568433    0.005415
 3714.236253    0.005615
 3715.904074    0.005665
 3717.571894    0.005552
 3719.239715    0.005602
 3720.907535    0.005598
 3722.575356    0.006045
 3724.243176    0.005599
 3725.910997    0.005733
 3727.578817    0.005182
 3729.246638    0.005125
 3730.914458    0.005593
 3732.582279    0.005442
 3734.250099    0.005644
 3735.917920    0.005192
 3737.585740    0.005067
 3739.253561    0.005225
 3740.921381    0.005343
 3742.589202    0.005043
 3744.257022    0.004801
 3745.924843    0.005134
 3747.592663    0.004997
 3749.260484    0.005432
 3750.928304    0.005195
 3752.596125    0.004864
 3754.263945    0.005017
 3755.931766    0.005025
 3757.599586    0.004818
 3759.267407    0.004571
 3760.935227    0.004705
 3762.603048    0.004732
 3764.270868    0.004782
 3765.938689    0.004698
 3767.606509    0.004619
 3769.274330    0.004629
 3770.942150    0.004551
 3772.609971    0.004476
 3774.277791    0.004629
 3775.945612    0.004377
 3777.613432    0.004214
 3779.281253    0.004471
 3780.949073    0.004447
 3782.616894    0.004106
 3784.284714    0.004281
 3785.952535    0.004328
 3787.620355    0.004177
 3789.288176    0.004371
 3790.955996    0.004083
 3792.623817    0.004186
 3794.291637    0.004186
 3795.959458    0.003837
 3797.627278    0.004061
 3799.295099    0.004242
 3800.962919    0.004161
 3802.630740    0.004209
 3804.298560    0.003733
 3805.966381    0.004122
 3807.634202    0.003876
 3809.302022    0.003916
 3810.969842    0.003755
 3812.637663    0.003811
 3814.305483    0.003844
 3815.973304    0.003741
 3817.641124    0.003616
 3819.308945    0.003913
 3820.976765    0.003964
 3822.644586    0.003617
 3824.312406    0.003636
 3825.980227    0.003664
 3827.648047    0.003580
 3829.315868    0.003497
 3830.983688    0.003298
 3832.651509    0.003435
 3834.319329    0.003534
 3835.987150    0.003402
 3837.654970    0.003501
 3839.322791    0.003163
 3840.990611    0.003258
 3842.658432    0.003201
 3844.326252    0.003320
 3845.994073    0.003229
 3847.661893    0.003188
 3849.329714    0.003477
 3850.997534    0.003048
 3852.665355    0.003269
 3854.333175    0.003200
 3856.000996    0.003068
 3857.668816    0.003082
 3859.336637    0.003002
 3861.004457    0.002871
 3862.672278    0.002968
 3864.340098    0.002989
 3866.007919    0.003015
 3867.675739    0.002843
 3869.343560    0.002921
 3871.011380    0.002801
 3872.679201    0.002808
 3874.347021    0.002641
 3876.014842    0.002791
 3877.682662    0.002951
 3879.350483    0.002736
 3881.018303    0.002662
 3882.686124    0.002696
 3884.353944    0.002722
 3886.021765    0.002599
 3887.689585    0.002692
 3889.357406    0.002663
 3891.025226    0.002417
 3892.693047    0.002437
 3894.360867    0.002534
 3896.028688    0.002452
 3897.696508    0.002432
 3899.364329    0.002432
 3901.032149    0.002366
 3902.699970    0.002396
 3904.367790    0.002340
 3906.035611    0.002325
 3907.703431    0.002253
 3909.371252    0.002348
 3911.039072    0.002196
 3912.706893    0.002225
 3914.374713    0.002288
 3916.042534    0.002291
 3917.710354    0.002268
 3919.378175    0.002166
 3921.045995    0.002188
 3922.713816    0.002176
 3924.381636    0.002090
 3926.049457    0.002038
 3927.717277    0.002080
 3929.385098    0.002187
 3931.052918    0.001980
 3932.720739    0.002145
 3934.388559    0.002028
 3936.056380    0.001908
 3937.724200    0.002032
 3939.392021    0.001955
 3941.059841    0.001851
 3942.727662    0.001851
 3944.395482    0.001873
 3946.063303    0.001937
 3947.731123    0.001898
 3949.398944    0.001868
 3951.066764    0.001934
 3952.734585    0.001741
 3954.402405    0.001847
 3956.070226    0.001869
 3957.738046    0.001806
 3959.405867    0.001611
 3961.073687    0.001718
 3962.741508    0.001731
 3964.409328    0.001833
 3966.077149    0.001682
 3967.744969    0.001672
 3969.412790    0.001688
 3971.080610    0.001659
 3972.748431    0.001565
 3974.416251    0.001551
 3976.084072    0.001597
 3977.751892    0.001587
 3979.419713    0.001494
 3981.087533    0.001514
 3982.755354    0.001533
 3984.423174    0.001457
 3986.090995    0.001471
 3987.758815    0.001519
 3989.426636    0.001452
 3991.094456    0.001454
 3992.762277    0.001401
 3994.430097    0.001439
 3996.097918    0.001284
 3997.765738    0.001346
 3999.433559    0.001332
 4001.101379    0.001367
 4002.769200    0.001306
 4004.437020    0.001339
 4006.104841    0.001253
 4007.772661    0.001282
 4009.440482    0.001293
 4011.108302    0.001265
 4012.776123    0.001225
 4014.443943    0.001239
 4016.111764    0.001273
 4017.779584    0.001183
 4019.447405    0.001214
 4021.115225    0.001185
 4022.783046    0.001285
 4024.450866    0.001155
 4026.118687    0.001158
 4027.786507    0.001117
 4029.454328    0.001164
 4031.122148    0.001107
 4032.789969    0.001044
 4034.457789    0.001131
 4036.125610    0.001083
 4037.793430    0.001019
 4039.461251    0.001086
 4041.129072    0.001004
 4042.796892    0.001051
 4044.464712    0.001079
 4046.132533    0.001007
 4047.800353    0.000984
 4049.468174    0.000981
 4051.135994    0.000965
 4052.803815    0.000972
 4054.471635    0.000917
 4056.139456    0.000955
 4057.807276    0.000922
 4059.475097    0.000887
 4061.142917    0.000911
 4062.810738    0.000897
 4064.478558    0.000917
 4066.146379    0.000864
 4067.814199    0.000877
 4069.482020    0.000894
 4071.149840    0.000849
 4072.817661    0.000878
 4074.485481    0.000852
 4076.153302    0.000814
 4077.821122    0.000835
 4079.488943    0.000844
 4081.156763    0.000818
 4082.824584    0.000836
 4084.492404    0.000798
 4086.160225    0.000819
 4087.828045    0.000800
 4089.495866    0.000783
 4091.163686    0.000775
 4092.831507    0.000794
 4094.499327    0.000768
 4096.167148    0.000784
 4097.834968    0.000773
 4099.502789    0.000752
 4101.170609    0.000742
 4102.838430    0.000748
 4104.506250    0.000734
 4106.174071    0.000726
 4107.841892    0.000725
 4109.509712    0.000736
 4111.177532    0.000707
 4112.845353    0.000717
 4114.513173    0.000693
 4116.180994    0.000698
 4117.848815    0.000691
 4119.516635    0.000684
 4121.184455    0.000679
 4122.852276    0.000689
 4124.520096    0.000672
 4126.187917    0.000686
 4127.855738    0.000664
 4129.523558    0.000665
 4131.191378    0.000670
 4132.859199    0.000662
 4134.527019    0.000654
 4136.194840    0.000646
 4137.862660    0.000659
 4139.530481    0.000643
 4141.198301    0.000641
 4142.866122    0.000643
 4144.533942    0.000651
 4146.201763    0.000647
 4147.869583    0.000647
 4149.537404    0.000629
 4151.205224    0.000625
 4152.873045    0.000632
 4154.540865    0.000624
 4156.208686    0.000620
 4157.876506    0.000630
 4159.544327    0.000622
 4161.212147    0.000628
 4162.879968    0.000623
 4164.547788    0.000627
 4166.215609    0.000624
 4167.883429    0.000620
 4169.551250    0.000619
 4171.219070    2.264990
 4172.886891    1.888926
 4174.554711    1.783180
 4176.222532    2.178640
 4177.890352    1.814330
 4179.558173    1.695895
 4181.225993    2.194921
 4182.893814    1.976813
 4184.561634    1.658059
 4186.229455    2.051109
 4187.897275    2.049389
 4189.565096    1.682531
 4191.232917    1.879104
 4192.900737    1.964154
 4194.568557    1.835084
 4196.236378    1.804715
 4197.904198    1.969888
 4199.572019    1.932453
 4201.239840    1.910044
 4202.907660    2.106283
 4204.575480    2.132695
 4206.243301    1.998892
 4207.911121    2.017158
 4209.578942    2.017046
 4211.246762    1.928087
 4212.914583    2.058366
 4214.582403    2.102776
 4216.250224    2.179890
 4217.918044    2.216085
 4219.585865    2.288643
 4221.253685    2.235446
 4222.921506    2.291927
 4224.589326    2.335748
 4226.257147    2.403849
 4227.924967    2.324264
 4229.592788    2.375879
 4231.260608    2.366525
 4232.928429    2.528700
 4234.596249    2.427454
 4236.264070    2.376803
 4237.931890    2.429896
 4239.599711    2.505664
 4241.267531    2.518610
 4242.935352    2.534591
 4244.603172    2.597253
 4246.270993    2.661637
 4247.938813    2.667446
 4249.606634    2.678083
 4251.274454    2.832805
 4252.942275    2.934279
 4254.610095    3.012272
 4256.277916    3.065591
 4257.945736    2.924613
 4259.613557    2.874547
 4261.281377    2.977924
 4262.949198    3.084437
 4264.617018    3.045932
 4266.284839    3.047945
 4267.952659    3.074817
 4269.620480    3.045849
 4271.288301    3.035942
 4272.956121    3.268816
 4274.623942    3.168243
 4276.291762    3.139272
 4277.959582    3.158680
 4279.627403    3.307423
 4281.295223    3.401209
 4282.963044    3.417452
 4284.630864    3.414243
 4286.298685    3.476981
 4287.966505    3.506304
 4289.634326    3.588919
 4291.302147    3.510829
 4292.969967    3.482709
 4294.637787    3.561331
 4296.305608    3.481065
 4297.973428    3.440335
 4299.641249    3.546574
 4301.309069    3.694164
 4302.976890    3.880370
 4304.644710    3.581269
 4306.312531    3.626872
 4307.980351    3.635921
 4309.648172    3.813065
 4311.315992    3.903887
 4312.983813    4.034472
 4314.651633    4.234302
 4316.319454    4.367953
 4317.987274    4.596032
 4319.655095    4.798456
 4321.322915    4.880199
 4322.990736    4.910842
 4324.658556    4.991230
 4326.326377    5.022844
 4327.994197    5.309897
 4329.662018    5.244654
 4331.329838    5.544165
 4332.997659    5.737865
 4334.665479    5.672342
 4336.333300    5.846246
 4338.001121    5.919656
 4339.668941    6.195471
 4341.336761    6.519180
 4343.004582    6.489753
 4344.672402    6.669788
 4346.340223    6.828051
 4348.008043    7.126053
 4349.675864    6.924440
 4351.343684    7.210338
 4353.011505    8.004157
 4354.679326    7.906460
 4356.347146    7.958246
 4358.014966    8.478557
 4359.682787    9.469405
 4361.350607    9.334252
 4363.018428    9.409589
 4364.686248    9.719710
 4366.354069   10.210773
 4368.021889   11.108131
 4369.689710   11.093298
 4371.357531   11.874382
 4373.025351   11.549631
 4374.693172   12.088938
 4376.360992   12.873662
 4378.028812   13.157397
 4379.696633   13.337622
 4381.364453   14.511156
 4383.032274   14.277744
 4384.700094   15.556175
 4386.367915   15.980937
 4388.035735   16.607420
 4389.703556   17.024170
 4391.371376   17.551557
 4393.039197   18.611640
 4394.707017   18.251625
 4396.374838   19.242794
 4398.042658   20.084296
 4399.710479   19.653603
 4401.378299   22.159527
 4403.046120   22.300435
 4404.713940   22.523874
 4406.381761   23.016192
 4408.049581   24.419834
 4409.717402   26.066052
 4411.385222   25.301769
 4413.053043   26.128928
 4414.720863   26.995633
 4416.388684   28.587913
 4418.056504   28.088098
 4419.724325   28.531432
 4421.392145   29.144530
 4423.059966   29.344211
 4424.727786   31.049682
 4426.395607   31.481187
 4428.063427   32.046398
 4429.731248   31.683286
 4431.399068   33.008911
 4433.066889   33.619016
 4434.734709   37.240037
 4436.402530   37.271512
 4438.070351   36.106389
 4439.738171   40.114577
 4441.405991   38.586026
 4443.073812   39.370614
 4444.741632   41.338254
 4446.409453   40.332396
 4448.077273   41.409891
 4449.745094   39.741176
 4451.412914   40.035098
 4453.080735   43.996793
 4454.748556   43.723448
 4456.416376   42.524131
 4458.084196   45.005208
 4459.752017   42.482357
 4461.419837   44.867248
 4463.087658   43.354581
 4464.755478   44.677580
 4466.423299   43.409629
 4468.091119   46.184774
 4469.758940   43.916010
 4471.426760   41.491516
 4473.094581   44.199788
 4474.762402   41.247240
 4476.430222   42.731189
 4478.098042   43.277583
 4479.765863   39.609535
 4481.433683   38.177378
 4483.101504   39.657269
 4484.769324   37.486097
 4486.437145   35.801642
 4488.104965   34.520984
 4489.772786   34.503705
 4491.440606   32.322729
 4493.108427   31.661122
 4494.776247   29.926477
 4496.444068   28.477218
 4498.111888   28.155519
 4499.779709   26.084039
 4501.447529   24.737780
 4503.115350   22.382240
 4504.783170   21.498384
 4506.450991   21.862587
 4508.118811   21.224262
 4509.786632   18.308655
 4511.454452   17.769053
 4513.122273   17.506526
 4514.790093   16.944810
 4516.457914   15.971135
 4518.125734   14.273464
 4519.793555   14.650959
 4521.461376   12.145644
 4523.129196   11.830438
 4524.797016   11.376512
 4526.464837   11.103630
 4528.132657   10.466632
 4529.800478   10.078115
 4531.468298    9.442480
 4533.136119    9.299776
 4534.803939    8.433890
 4536.471760    7.696690
 4538.139581    7.283872
 4539.807401    7.450799
 4541.475221    6.723027
 4543.143042    6.592548
 4544.810862    5.747865
 4546.478683    5.699249
 4548.146503    5.399150
 4549.814324    5.184888
 4551.482144    4.908105
 4553.149965    4.493495
 4554.817786    4.368161
 4556.485606    4.244373
 4558.153427    4.021690
 4559.821247    3.694923
 4561.489067    3.511450
 4563.156888    3.362896
 4564.824708    3.216935
 4566.492529    3.158157
 4568.160349    2.967411
 4569.828170    2.833316
 4571.495990    2.653503
 4573.163811    2.480737
 4574.831632    2.350820
 4576.499452    2.218138
 4578.167272    2.243186
 4579.835093    2.131560
 4581.502913    1.949628
 4583.170734    1.943243
 4584.838554    1.889731
 4586.506375    1.835812
 4588.174195    1.862000
 4589.842016    1.674992
 4591.509836    1.691790
 4593.177657    1.629656
 4594.845477    1.614294
 4596.513298    1.563701
 4598.181118    1.495215
 4599.848939    1.481601
 4601.516759    1.442918
 4603.184580    1.442911
 4604.852400    1.382430
 4606.520221    1.355904
 4608.188041    1.300177
 4609.855862    1.371327
 4611.523682    1.275322
 4613.191503    1.260588
 4614.859323    1.212812
 4616.527144    1.219614
 4618.194964    1.198962
 4619.862785    1.201251
 4621.530606    1.187085
 4623.198426    1.180114
 4624.866246    1.147428
 4626.534067    1.197235
 4628.201887    1.158008
 4629.869708    1.137833
 4631.537528    1.100671
 4633.205349    1.124245
 4634.873169    1.131834
 4636.540990    1.115614
 4638.208811    1.141318
 4639.876631    1.106146
 4641.544451    1.126930
 4643.212272    1.133736
 4644.880092    1.157048
 4646.547913    1.142566
 4648.215733    1.198841
 4649.883554    1.158649
 4651.551374    1.158136
 4653.219195    1.152356
 4654.887015    1.158650
 4656.554836    1.179798
 4658.222657    1.210217
 4659.890477    1.228039
 4661.558297    1.252547
 4663.226118    1.202840
 4664.893938    1.236516
 4666.561759    1.226686
 4668.229579    1.227264
 4669.897400    1.197908
 4671.565220    1.225857
 4673.233041    1.227413
 4674.900861    1.236716
 4676.568682    1.267523
 4678.236502    1.252349
 4679.904323    1.268903
 4681.572143    1.251318
 4683.239964    1.254755
 4684.907784    1.273519
 4686.575605    1.219563
 4688.243425    1.256673
 4689.911246    1.231990
 4691.579066    1.221455
 4693.246887    1.227175
 4694.914707    1.203467
 4696.582528    1.177965
 4698.250348    1.190707
 4699.918169    1.208238
 4701.585989    1.125603
 4703.253810    1.167028
 4704.921630    1.129705
 4706.589451    1.129951
 4708.257271    1.121963
 4709.925092    1.104169
 4711.592912    1.102503
 4713.260733    1.056043
 4714.928553    1.067362
 4716.596374    1.020486
 4718.264194    1.034671
 4719.932015    1.024548
 4721.599836    0.990450
 4723.267656    1.031718
 4724.935476    0.980698
 4726.603297    0.984332
 4728.271117    0.953967
 4729.938938    0.949922
 4731.606758    0.937706
 4733.274579    0.908782
 4734.942399    0.930296
 4736.610220    0.920071
 4738.278041    0.915333
 4739.945861    0.924300
 4741.613681    0.901400
 4743.281502    0.857265
 4744.949322    0.855599
 4746.617143    0.873013
 4748.284963    0.844023
 4749.952784    0.827736
 4751.620604    0.840563
 4753.288425    0.818251
 4754.956245    0.818964
 4756.624066    0.824955
 4758.291887    0.824518
 4759.959707    0.810621
 4761.627527    0.814666
 4763.295348    0.783999
 4764.963168    0.793512
 4766.630989    0.775498
 4768.298809    0.791841
 4769.966630    0.760839
 4771.634450    0.784380
 4773.302271    0.777141
 4774.970091    0.796269
 4776.637912    0.779730
 4778.305732    0.767073
 4779.973553    0.775594
 4781.641373    0.768478
 4783.309194    0.751817
 4784.977014    0.786764
 4786.644835    0.754675
 4788.312655    0.741278
 4789.980476    0.716825
 4791.648296    0.725885
 4793.316117    0.724799
 4794.983937    0.705462
 4796.651758    0.695568
 4798.319578    0.701527
 4799.987399    0.691486
 4801.655219    0.665230
 4803.323040    0.656134
 4804.990861    0.648580
 4806.658681    0.624094
 4808.326501    0.622099
 4809.994322    0.659304
 4811.662142    0.623024
 4813.329963    0.634698
 4814.997783    0.628022
 4816.665604    0.645168
 4818.333424    0.637016
 4820.001245    0.627355
 4821.669066    0.635596
 4823.336886    0.632382
 4825.004706    0.641581
 4826.672527    0.639257
 4828.340347    0.668573
 4830.008168    0.643959
 4831.675988    0.633071
 4833.343809    0.681013
 4835.011629    0.648119
 4836.679450    0.674957
 4838.347270    0.707222
 4840.015091    0.697812
 4841.682912    0.717631
 4843.350732    0.741137
 4845.018552    0.720342
 4846.686373    0.776323
 4848.354193    0.792679
 4850.022014    0.829733
 4851.689834    0.844577
 4853.357655    0.868649
 4855.025475    0.862018
 4856.693296    0.888303
 4858.361116    0.904298
 4860.028937    0.956457
 4861.696757    0.930701
 4863.364578    0.972201
 4865.032398    1.012927
 4866.700219    1.002063
 4868.368039    1.019219
 4870.035860    1.008464
 4871.703680    1.098748
 4873.371501    1.106457
 4875.039321    1.138317
 4876.707142    1.170088
 4878.374962    1.224714
 4880.042783    1.240501
 4881.710603    1.229186
 4883.378424    1.315261
 4885.046244    1.312897
 4886.714065    1.407044
 4888.381885    1.423266
 4890.049706    1.517026
 4891.717526    1.504825
 4893.385347    1.545471
 4895.053167    1.679512
 4896.720988    1.634027
 4898.388808    1.721480
 4900.056629    1.836153
 4901.724449    1.833314
 4903.392270    1.964311
 4905.060091    2.039684
 4906.727911    2.214336
 4908.395731    2.314452
 4910.063552    2.352625
 4911.731372    2.542478
 4913.399193    2.658776
 4915.067013    2.803923
 4916.734834    2.898009
 4918.402654    3.192309
 4920.070475    3.401984
 4921.738296    3.828632
 4923.406116    3.957013
 4925.073936    4.322107
 4926.741757    4.665792
 4928.409577    4.886977
 4930.077398    5.130540
 4931.745218    5.621684
 4933.413039    6.413427
 4935.080859    7.059623
 4936.748680    7.927545
 4938.416500    8.027356
 4940.084321    8.892391
 4941.752142   10.131053
 4943.419962   11.015468
 4945.087782   12.100908
 4946.755603   13.284815
 4948.423423   14.278962
 4950.091244   15.174910
 4951.759064   16.408811
 4953.426885   19.047291
 4955.094705   20.808133
 4956.762526   22.588728
 4958.430346   25.030968
 4960.098167   26.081393
 4961.765987   29.792942
 4963.433808   32.138122
 4965.101628   35.656876
 4966.769449   39.135170
 4968.437269   41.661511
 4970.105090   44.714841
 4971.772910   49.312209
 4973.440731   54.670358
 4975.108551   60.870052
 4976.776372   65.032897
 4978.444192   73.735975
 4980.112013   78.848358
 4981.779833   87.960165
 4983.447654   94.103841
 4985.115474  100.080986
 4986.783295  106.599489
 4988.451116  112.292204
 4990.118936  115.389995
 4991.786756  128.056889
 4993.454577  140.865251
 4995.122397  144.568020
 4996.790218  158.421601
 4998.458038  157.870145
 5000.125859  167.329871
