    0.000000    2.264990
    1.667820    1.888926
    3.335641    1.783180
    5.003461    2.178640
    6.671282    1.814330
    8.339102    1.695895
   10.006923    2.194921
   11.674743    1.976813
   13.342564    1.658059
   15.010384    2.051109
   16.678205    2.049389
   18.346025    1.682531
   20.013846    1.879104
   21.681666    1.964154
   23.349487    1.835084
   25.017307    1.804715
   26.685128    1.969888
   28.352948    1.932453
   30.020769    1.910044
   31.688589    2.106283
   33.356410    2.132695
   35.024231    1.998892
   36.692051    2.017158
   38.359871    2.017046
   40.027692    1.928087
   41.695512    2.058366
   43.363333    2.102776
   45.031154    2.179890
   46.698974    2.216085
   48.366794    2.288643
   50.034615    2.235446
   51.702435    2.291927
   53.370256    2.335748
   55.038076    2.403849
   56.705897    2.324264
   58.373717    2.375879
   60.041538    2.366525
   61.709359    2.528700
   63.377179    2.427454
   65.044999    2.376803
   66.712820    2.429896
   68.380640    2.505664
   70.048461    2.518610
   71.716281    2.534591
   73.384102    2.597253
   75.051922    2.661637
   76.719743    2.667446
   78.387563    2.678083
   80.055384    2.832805
   81.723204    2.934279
   83.391025    3.012272
   85.058845    3.065591
   86.726666    2.924613
   88.394486    2.874547
   90.062307    2.977924
   91.730127    3.084437
   93.397948    3.045932
   95.065768    3.047945
   96.733589    3.074817
   98.401409    3.045849
  100.069230    3.035942
  101.737050    3.268816
  103.404871    3.168243
  105.072691    3.139272
  106.740512    3.158680
  108.408332    3.307423
  110.076153    3.401209
  111.743973    3.417452
  113.411794    3.414243
  115.079614    3.476981
  116.747435    3.506304
  118.415255    3.588919
  120.083076    3.510829
  121.750896    3.482709
  123.418717    3.561331
  125.086537    3.481065
  126.754358    3.440335
  128.422179    3.546574
  130.089999    3.694164
  131.757819    3.880370
  133.425640    3.581269
  135.093460    3.626872
  136.761281    3.635921
  138.429102    3.813065
  140.096922    3.903887
  141.764742    4.034472
  143.432563    4.234302
  145.100383    4.367953
  146.768204    4.596032
  148.436025    4.798456
  150.103845    4.880199
  151.771665    4.910842
  153.439486    4.991230
  155.107306    5.022844
  156.775127    5.309897
  158.442947    5.244654
  160.110768    5.544165
  161.778588    5.737865
  163.446409    5.672342
  165.114229    5.846246
  166.782050    5.919656
  168.449870    6.195471
  170.117691    6.519180
  171.785511    6.489753
  173.453332    6.669788
  175.121152    6.828051
  176.788973    7.126053
  178.456793    6.924440
  180.124614    7.210338
  181.792434    8.004157
  183.460255    7.906460
  185.128075    7.958246
  186.795896    8.478557
  188.463717    9.469405
  190.131537    9.334252
  191.799357    9.409589
  193.467178    9.719710
  195.134998   10.210773
  196.802819   11.108131
  198.470639   11.093298
  200.138460   11.874382
  201.806280   11.549631
  203.474101   12.088938
  205.141921   12.873662
  206.809742   13.157397
  208.477562   13.337622
  210.145383   14.511156
  211.813203   14.277744
  213.481024   15.556175
  215.148844   15.980937
  216.816665   16.607420
  218.484485   17.024170
  220.152306   17.551557
  221.820126   18.611640
  223.487947   18.251625
  225.155767   19.242794
  226.823588   20.084296
  228.491408   19.653603
  230.159229   22.159527
  231.827049   22.300435
  233.494870   22.523874
  235.162690   23.016192
  236.830511   24.419834
  238.498331   26.066052
  240.166152   25.301769
  241.833972   26.128928
  243.501793   26.995633
  245.169613   28.587913
  246.837434   28.088098
  248.505254   28.531432
  250.173075   29.144530
  251.840895   29.344211
  253.508716   31.049682
  255.176536   31.481187
  256.844357   32.046398
  258.512177   31.683286
  260.179998   33.008911
  261.847818   33.619016
  263.515639   37.240037
  265.183459   37.271512
  266.851280   36.106389
  268.519100   40.114577
  270.186921   38.586026
  271.854741   39.370614
  273.522562   41.338254
  275.190382   40.332396
  276.858203   41.409891
  278.526023   39.741176
  280.193844   40.035098
  281.861664   43.996793
  283.529485   43.723448
  285.197305   42.524131
  286.865126   45.005208
  288.532946   42.482357
  290.200767   44.867248
  291.868587   43.354581
  293.536408   44.677580
  295.204228   43.409629
  296.872049   46.184774
  298.539869   43.916010
  300.207690   41.491516
  301.875511   44.199788
  303.543331   41.247240
  305.211151   42.731189
  306.878972   43.277583
  308.546792   39.609535
  310.214613   38.177378
  311.882433   39.657269
  313.550254   37.486097
  315.218074   35.801642
  316.885895   34.520984
  318.553716   34.503705
  320.221536   32.322729
  321.889356   31.661122
  323.557177   29.926477
  325.224997   28.477218
  326.892818   28.155519
  328.560638   26.084039
  330.228459   24.737780
  331.896279   22.382240
  333.564100   21.498384
  335.231921   21.862587
  336.899741   21.224262
  338.567561   18.308655
  340.235382   17.769053
  341.903202   17.506526
  343.571023   16.944810
  345.238843   15.971135
  346.906664   14.273464
  348.574484   14.650959
  350.242305   12.145644
  351.910125   11.830438
  353.577946   11.376512
  355.245767   11.103630
  356.913587   10.466632
  358.581407   10.078115
  360.249228    9.442480
  361.917048    9.299776
  363.584869    8.433890
  365.252689    7.696690
  366.920510    7.283872
  368.588330    7.450799
  370.256151    6.723027
  371.923971    6.592548
  373.591792    5.747865
  375.259612    5.699249
  376.927433    5.399150
  378.595253    5.184888
  380.263074    4.908105
  381.930894    4.493495
  383.598715    4.368161
  385.266535    4.244373
  386.934356    4.021690
  388.602176    3.694923
  390.269997    3.511450
  391.937817    3.362896
  393.605638    3.216935
  395.273458    3.158157
  396.941279    2.967411
  398.609099    2.833316
  400.276920    2.653503
  401.944740    2.480737
  403.612561    2.350820
  405.280381    2.218138
  406.948202    2.243186
  408.616022    2.131560
  410.283843    1.949628
  411.951663    1.943243
  413.619484    1.889731
  415.287304    1.835812
  416.955125    1.862000
  418.622945    1.674992
  420.290766    1.691790
  421.958586    1.629656
  423.626407    1.614294
  425.294227    1.563701
  426.962048    1.495215
  428.629868    1.481601
  430.297689    1.442918
  431.965509    1.442911
  433.633330    1.382430
  435.301151    1.355904
  436.968971    1.300177
  438.636791    1.371327
  440.304612    1.275322
  441.972432    1.260588
  443.640253    1.212812
  445.308073    1.219614
  446.975894    1.198962
  448.643714    1.201251
  450.311535    1.187085
  451.979355    1.180114
  453.647176    1.147428
  455.314996    1.197235
  456.982817    1.158008
  458.650637    1.137833
  460.318458    1.100671
  461.986278    1.124245
  463.654099    1.131834
  465.321919    1.115614
  466.989740    1.141318
  468.657560    1.106146
  470.325381    1.126930
  471.993201    1.133736
  473.661022    1.157048
  475.328842    1.142566
  476.996663    1.198841
  478.664483    1.158649
  480.332304    1.158136
  482.000124    1.152356
  483.667945    1.158650
  485.335765    1.179798
  487.003586    1.210217
  488.671406    1.228039
  490.339227    1.252547
  492.007047    1.202840
  493.674868    1.236516
  495.342688    1.226686
  497.010509    1.227264
  498.678329    1.197908
  500.346150    1.225857
  502.013970    1.227413
  503.681791    1.236716
  505.349611    1.267523
  507.017432    1.252349
  508.685252    1.268903
  510.353073    1.251318
  512.020893    1.254755
  513.688714    1.273519
  515.356534    1.219563
  517.024355    1.256673
  518.692175    1.231990
  520.359996    1.221455
  522.027816    1.227175
  523.695637    1.203467
  525.363457    1.177965
  527.031278    1.190707
  528.699098    1.208238
  530.366919    1.125603
  532.034739    1.167028
  533.702560    1.129705
  535.370381    1.129951
  537.038201    1.121963
  538.706021    1.104169
  540.373842    1.102503
  542.041662    1.056043
  543.709483    1.067362
  545.377304    1.020486
  547.045124    1.034671
  548.712944    1.024548
  550.380765    0.990450
  552.048585    1.031718
  553.716406    0.980698
  555.384226    0.984332
  557.052047    0.953967
  558.719867    0.949922
  560.387688    0.937706
  562.055508    0.908782
  563.723329    0.930296
  565.391149    0.920071
  567.058970    0.915333
  568.726790    0.924300
  570.394611    0.901400
  572.062431    0.857265
  573.730252    0.855599
  575.398072    0.873013
  577.065893    0.844023
  578.733714    0.827736
  580.401534    0.840563
  582.069354    0.818251
  583.737175    0.818964
  585.404995    0.824955
  587.072816    0.824518
  588.740636    0.810621
  590.408457    0.814666
  592.076277    0.783999
  593.744098    0.793512
  595.411918    0.775498
  597.079739    0.791841
  598.747559    0.760839
  600.415380    0.784380
  602.083200    0.777141
  603.751021    0.796269
  605.418841    0.779730
  607.086662    0.767073
  608.754482    0.775594
  610.422303    0.768478
  612.090124    0.751817
  613.757944    0.786764
  615.425764    0.754675
  617.093585    0.741278
  618.761405    0.716825
  620.429226    0.725885
  622.097046    0.724799
  623.764867    0.705462
  625.432687    0.695568
  627.100508    0.701527
  628.768328    0.691486
  630.436149    0.665230
  632.103969    0.656134
  633.771790    0.648580
  635.439610    0.624094
  637.107431    0.622099
  638.775251    0.659304
  640.443072    0.623024
  642.110892    0.634698
  643.778713    0.628022
  645.446533    0.645168
  647.114354    0.637016
  648.782174    0.627355
  650.449995    0.635596
  652.117816    0.632382
  653.785636    0.641581
  655.453456    0.639257
  657.121277    0.668573
  658.789097    0.643959
  660.456918    0.633071
  662.124739    0.681013
  663.792559    0.648119
  665.460379    0.674957
  667.128200    0.707222
  668.796020    0.697812
  670.463841    0.717631
  672.131661    0.741137
  673.799482    0.720342
  675.467302    0.776323
  677.135123    0.792679
  678.802943    0.829733
  680.470764    0.844577
  682.138584    0.868649
  683.806405    0.862018
  685.474225    0.888303
  687.142046    0.904298
  688.809866    0.956457
  690.477687    0.930701
  692.145507    0.972201
  693.813328    1.012927
  695.481149    1.002063
  697.148969    1.019219
  698.816789    1.008464
  700.484610    1.098748
  702.152430    1.106457
  703.820251    1.138317
  705.488071    1.170088
  707.155892    1.224714
  708.823712    1.240501
  710.491533    1.229186
  712.159353    1.315261
  713.827174    1.312897
  715.494994    1.407044
  717.162815    1.423266
  718.830635    1.517026
  720.498456    1.504825
  722.166276    1.545471
  723.834097    1.679512
  725.501917    1.634027
  727.169738    1.721480
  728.837559    1.836153
  730.505379    1.833314
  732.173199    1.964311
  733.841020    2.039684
  735.508840    2.214336
  737.176661    2.314452
  738.844481    2.352625
  740.512302    2.542478
  742.180122    2.658776
  743.847943    2.803923
  745.515763    2.898009
  747.183584    3.192309
  748.851404    3.401984
  750.519225    3.828632
  752.187045    3.957013
  753.854866    4.322107
  755.522686    4.665792
  757.190507    4.886977
  758.858327    5.130540
  760.526148    5.621684
  762.193968    6.413427
  763.861789    7.059623
  765.529609    7.927545
  767.197430    8.027356
  768.865251    8.892391
  770.533071   10.131053
  772.200891   11.015468
  773.868712   12.100908
  775.536532   13.284815
  777.204353   14.278962
  778.872173   15.174910
  780.539994   16.408811
  782.207814   19.047291
  783.875635   20.808133
  785.543455   22.588728
  787.211276   25.030968
  788.879096   26.081393
  790.546917   29.792942
  792.214737   32.138122
  793.882558   35.656876
  795.550378   39.135170
  797.218199   41.661511
  798.886019   44.714841
  800.553840   49.312209
  802.221660   54.670358
  803.889481   60.870052
  805.557301   65.032897
  807.225122   73.735975
  808.892942   78.848358
  810.560763   87.960165
  812.228584   94.103841
  813.896404  100.080986
  815.564224  106.599489
  817.232045  112.292204
  818.899865  115.389995
  820.567686  128.056889
  822.235506  140.865251
  823.903327  144.568020
  825.571147  158.421601
  827.238968  157.870145
  828.906788  167.329871
  830.574609  166.971685
  832.242429  172.916771
  833.910250  175.753246
  835.578070  180.121167
  837.245891  193.530079
  838.913711  182.706850
  840.581532  184.447364
  842.249352  193.533344
  843.917173  199.842802
  845.584993  198.867654
  847.252814  197.661572
  848.920634  198.745073
  850.588455  196.714829
  852.256275  191.555483
  853.924096  201.263527
  855.591916  189.279973
  857.259737  190.416776
  858.927557  174.412896
  860.595378  167.217213
  862.263198  167.042788
  863.931019  163.599323
  865.598839  159.585010
  867.266660  153.672144
  868.934480  146.674322
  870.602301  148.901695
  872.270121  136.272843
  873.937942  133.418849
  875.605762  124.453871
  877.273583  120.200027
  878.941403  109.932960
  880.609224  103.235098
  882.277044   95.275126
  883.944865   81.653009
  885.612685   80.679512
  887.280506   68.969226
  888.948326   73.028182
  890.616147   61.665130
  892.283967   59.457114
  893.951788   55.844458
  895.619608   48.819617
  897.287429   44.800593
  898.955249   41.850859
  900.623070   36.206123
  902.290890   35.071547
  903.958711   32.058314
  905.626531   30.463851
  907.294352   27.116268
  908.962172   25.521886
  910.629993   24.788677
  912.297813   23.246753
  913.965634   21.045947
  915.633454   20.977946
  917.301275   20.235230
  918.969095   20.112455
  920.636916   20.494717
  922.304736   20.951082
  923.972557   20.238489
  925.640377   21.360618
  927.308198   20.962896
  928.976019   22.273178
  930.643839   24.314632
  932.311659   24.147113
  933.979480   24.708916
  935.647300   26.648316
  937.315121   27.948058
  938.982941   29.453883
  940.650762   30.264596
  942.318582   34.204502
  943.986403   36.585754
  945.654223   38.612097
  947.322044   43.762588
  948.989864   45.632911
  950.657685   48.687846
  952.325505   54.279838
  953.993326   56.802538
  955.661146   62.387378
  957.328967   68.842933
  958.996787   73.404172
  960.664608   77.247917
  962.332428   90.345403
  964.000249   96.834583
  965.668069  100.943165
  967.335890  108.711996
  969.003710  113.579374
  970.671531  118.339248
  972.339351  127.890792
  974.007172  143.676889
  975.674992  148.033736
  977.342813  153.868358
  979.010633  158.243631
  980.678454  163.719290
  982.346274  160.963562
  984.014095  176.237455
  985.681915  178.582497
  987.349736  175.247164
  989.017556  176.237290
  990.685377  174.213335
  992.353197  178.515615
  994.021018  171.398809
  995.688838  168.556084
  997.356659  160.970278
  999.024479  144.933712
 1000.692300  140.722093
 1002.360120  137.978179
 1004.027941  128.170515
 1005.695761  112.568002
 1007.363582  109.709438
 1009.031402  100.262254
 1010.699223   96.538902
 1012.367043   90.546495
 1014.034864   82.932050
 1015.702684   74.603196
 1017.370505   65.387764
 1019.038325   60.045695
 1020.706146   58.306823
 1022.373966   54.284460
 1024.041787   48.427460
 1025.709607   44.165971
 1027.377428   41.008850
 1029.045248   37.237305
 1030.713069   34.301876
 1032.380889   32.992214
 1034.048710   27.589853
 1035.716530   27.623682
 1037.384351   24.453059
 1039.052171   22.626133
 1040.719992   21.283780
 1042.387812   18.662706
 1044.055633   17.926666
 1045.723454   15.360505
 1047.391274   14.726395
 1049.059094   13.593749
 1050.726915   12.116464
 1052.394736   11.013382
 1054.062556   10.326682
 1055.730376    9.619585
 1057.398197    8.973819
 1059.066017    8.081547
 1060.733838    7.252400
 1062.401658    7.351256
 1064.069479    6.592969
 1065.737299    6.260207
 1067.405120    5.544657
 1069.072940    5.594834
 1070.740761    5.136985
 1072.408581    4.805135
 1074.076402    4.602881
 1075.744222    4.321806
 1077.412043    4.246094
 1079.079863    3.870967
 1080.747684    3.585850
 1082.415504    3.609688
 1084.083325    3.314490
 1085.751145    3.328869
 1087.418966    3.103077
 1089.086786    3.083908
 1090.754607    2.949827
 1092.422427    2.800039
 1094.090248    2.640032
 1095.758069    2.809657
 1097.425889    2.668101
 1099.093709    2.454388
 1100.761530    2.394745
 1102.429350    2.462916
 1104.097171    2.295407
 1105.764991    2.291972
 1107.432812    2.199807
 1109.100632    2.026058
 1110.768453    2.081901
 1112.436273    2.047441
 1114.104094    2.101285
 1115.771915    1.976879
 1117.439735    1.955478
 1119.107555    1.989024
 1120.775376    1.829110
 1122.443196    1.857992
 1124.111017    1.809108
 1125.778837    1.756626
 1127.446658    1.689053
 1129.114478    1.766600
 1130.782299    1.738042
 1132.450120    1.744125
 1134.117940    1.702886
 1135.785760    1.707105
 1137.453581    1.704206
 1139.121401    1.641505
 1140.789222    1.616958
 1142.457042    1.585901
 1144.124863    1.573637
 1145.792683    1.587081
 1147.460504    1.559007
 1149.128324    1.518133
 1150.796145    1.532414
 1152.463965    1.473415
 1154.131786    1.501830
 1155.799606    1.472588
 1157.467427    1.470915
 1159.135247    1.471496
 1160.803068    1.413517
 1162.470889    1.478004
 1164.138709    1.412081
 1165.806529    1.453912
 1167.474350    1.504286
 1169.142170    1.478826
 1170.809991    1.492276
 1172.477811    1.471112
 1174.145632    1.583030
 1175.813452    1.516207
 1177.481273    1.501783
 1179.149093    1.525516
 1180.816914    1.594982
 1182.484735    1.655537
 1184.152555    1.626285
 1185.820375    1.651705
 1187.488196    1.724523
 1189.156016    1.759415
 1190.823837    1.738273
 1192.491657    1.813424
 1194.159478    1.842884
 1195.827298    1.916389
 1197.495119    2.072473
 1199.162939    2.034317
 1200.830760    2.059957
 1202.498580    2.138574
 1204.166401    2.347348
 1205.834221    2.372333
 1207.502042    2.469843
 1209.169862    2.521391
 1210.837683    2.705043
 1212.505504    2.955930
 1214.173324    3.106276
 1215.841144    3.049876
 1217.508965    3.212637
 1219.176785    3.351620
 1220.844606    3.452501
 1222.512426    3.683487
 1224.180247    4.020372
 1225.848067    4.106830
 1227.515888    4.269450
 1229.183708    4.404046
 1230.851529    4.663713
 1232.519350    4.967253
 1234.187170    4.975416
 1235.854990    5.028539
 1237.522811    5.786498
 1239.190631    6.084843
 1240.858452    6.460343
 1242.526272    6.658089
 1244.194093    7.061796
 1245.861913    7.677935
 1247.529734    8.084461
 1249.197555    8.559450
 1250.865375    8.925299
 1252.533195    9.326479
 1254.201016   10.464944
 1255.868836   10.683074
 1257.536657   11.485790
 1259.204477   12.053883
 1260.872298   12.767489
 1262.540118   13.898842
 1264.207939   15.006433
 1265.875759   15.960538
 1267.543580   17.192344
 1269.211400   18.496076
 1270.879221   19.387811
 1272.547041   21.880989
 1274.214862   22.653295
 1275.882682   23.784121
 1277.550503   26.555108
 1279.218323   28.051926
 1280.886144   30.874735
 1282.553964   31.789432
 1284.221785   34.197770
 1285.889605   37.146437
 1287.557426   39.570599
 1289.225246   42.809751
 1290.893067   45.505157
 1292.560887   50.060735
 1294.228708   52.833175
 1295.896528   58.803194
 1297.564349   64.326047
 1299.232170   66.174371
 1300.899990   73.051452
 1302.567810   79.173712
 1304.235631   82.616501
 1305.903451   92.497476
 1307.571272  102.206190
 1309.239092  104.146112
 1310.906913  114.697617
 1312.574733  123.719823
 1314.242554  138.082150
 1315.910374  143.702304
 1317.578195  148.996627
 1319.246015  161.301500
 1320.913836  177.200229
 1322.581656  192.152959
 1324.249477  202.042156
 1325.917297  213.424506
 1327.585118  228.235863
 1329.252939  248.391090
 1330.920759  263.883379
 1332.588579  260.729864
 1334.256400  277.092455
 1335.924220  298.256866
 1337.592041  308.706927
 1339.259861  317.450839
 1340.927682  319.007249
 1342.595502  338.597358
 1344.263323  333.030017
 1345.931143  335.786888
 1347.598964  333.293883
 1349.266784  316.789985
 1350.934605  309.324021
 1352.602425  303.648581
 1354.270246  292.142465
 1355.938066  289.734575
 1357.605887  272.530362
 1359.273707  255.732988
 1360.941528  238.860159
 1362.609348  229.208421
 1364.277169  219.095103
 1365.944990  200.413379
 1367.612810  185.793856
 1369.280630  167.193815
 1370.948451  159.329717
 1372.616271  146.055071
 1374.284092  134.282162
 1375.951912  125.857749
 1377.619733  117.835839
 1379.287553  109.889315
 1380.955374   98.358062
 1382.623194   91.594461
 1384.291015   88.979988
 1385.958835   81.055164
 1387.626656   74.072280
 1389.294476   70.412498
 1390.962297   65.857413
 1392.630117   60.480605
 1394.297938   57.591372
 1395.965758   52.059054
 1397.633579   50.039741
 1399.301399   48.537231
 1400.969220   45.798552
 1402.637040   42.654465
 1404.304861   42.627913
 1405.972681   40.518575
 1407.640502   38.844919
 1409.308322   38.604166
 1410.976143   40.665655
 1412.643963   39.605803
 1414.311784   39.747654
 1415.979605   41.833748
 1417.647425   40.663470
 1419.315245   41.104593
 1420.983066   45.891515
 1422.650886   47.930995
 1424.318707   47.372876
 1425.986527   50.443397
 1427.654348   55.245280
 1429.322168   52.773316
 1430.989989   59.144265
 1432.657809   57.283750
 1434.325630   59.743069
 1435.993450   62.846958
 1437.661271   63.212991
 1439.329091   62.601515
 1440.996912   73.339218
 1442.664732   71.208736
 1444.332553   78.659251
 1446.000373   79.084449
 1447.668194   73.692466
 1449.336014   67.233406
 1451.003835   71.091652
 1452.671655   70.843541
 1454.339476   68.540598
 1456.007296   66.124739
 1457.675117   65.223308
 1459.342937   62.371728
 1461.010758   56.656934
 1462.678578   55.505457
 1464.346399   58.296508
 1466.014219   52.656705
 1467.682040   48.922222
 1469.349860   44.577708
 1471.017681   42.592092
 1472.685501   37.447971
 1474.353322   35.722931
 1476.021142   32.762877
 1477.688963   30.306962
 1479.356783   28.152126
 1481.024604   24.684542
 1482.692425   21.159492
 1484.360245   19.491340
 1486.028065   18.005004
 1487.695886   15.766731
 1489.363706   15.695780
 1491.031527   14.513967
 1492.699347   13.292519
 1494.367168   11.325553
 1496.034988   10.808118
 1497.702809    9.827887
 1499.370629    9.559308
 1501.038450    8.361006
 1502.706270    7.676758
 1504.374091    7.199290
 1506.041911    6.215822
 1507.709732    5.732839
 1509.377552    5.391877
 1511.045373    4.698772
 1512.713193    4.369648
 1514.381014    4.095243
 1516.048834    3.881407
 1517.716655    3.453344
 1519.384475    3.313686
 1521.052296    3.039743
 1522.720116    2.728093
 1524.387937    2.650759
 1526.055757    2.527126
 1527.723578    2.382196
 1529.391398    2.218012
 1531.059219    2.083524
 1532.727040    1.994326
 1534.394860    1.881883
 1536.062680    1.732475
 1537.730501    1.732315
 1539.398321    1.630868
 1541.066142    1.541579
 1542.733962    1.510420
 1544.401783    1.456465
 1546.069603    1.370222
 1547.737424    1.354209
 1549.405244    1.326229
 1551.073065    1.294244
 1552.740885    1.297266
 1554.408706    1.241485
 1556.076526    1.175326
 1557.744347    1.147266
 1559.412167    1.131472
 1561.079988    1.175040
 1562.747808    1.135405
 1564.415629    1.072457
 1566.083449    1.106869
 1567.751270    1.080487
 1569.419090    1.054335
 1571.086911    1.055059
 1572.754731    1.041741
 1574.422552    1.026484
 1576.090372    1.013257
 1577.758193    1.011705
 1579.426013    1.023322
 1581.093834    0.985056
 1582.761654    1.029396
 1584.429475    0.998539
 1586.097295    0.995017
 1587.765116    0.985947
 1589.432936    1.023336
 1591.100757    1.027159
 1592.768577    1.013545
 1594.436398    0.999057
 1596.104218    1.019845
 1597.772039    1.023354
 1599.439860    1.015834
 1601.107680    1.081681
 1602.775500    1.034820
 1604.443321    1.083767
 1606.111141    1.016943
 1607.778962    1.033840
 1609.446782    1.053018
 1611.114603    1.064698
 1612.782423    1.080712
 1614.450244    1.063607
 1616.118064    1.054549
 1617.785885    1.081151
 1619.453705    1.099455
 1621.121526    1.080636
 1622.789346    1.139202
 1624.457167    1.144999
 1626.124987    1.147662
 1627.792808    1.158900
 1629.460628    1.166737
 1631.128449    1.151324
 1632.796269    1.223370
 1634.464090    1.162280
 1636.131910    1.183032
 1637.799731    1.202848
 1639.467551    1.158904
 1641.135372    1.190825
 1642.803192    1.247083
 1644.471013    1.227260
 1646.138833    1.313892
 1647.806654    1.263130
 1649.474475    1.279990
 1651.142295    1.303346
 1652.810115    1.302751
 1654.477936    1.312099
 1656.145756    1.345114
 1657.813577    1.374895
 1659.481397    1.379242
 1661.149218    1.363864
 1662.817038    1.335458
 1664.484859    1.337033
 1666.152679    1.405800
 1667.820500    1.338724
 1669.488320    1.368851
 1671.156141    1.299712
 1672.823961    1.322191
 1674.491782    1.277064
 1676.159602    1.257035
 1677.827423    1.215543
 1679.495243    1.215545
 1681.163064    1.190154
 1682.830884    1.148546
 1684.498705    1.162464
 1686.166525    1.069799
 1687.834346    1.053713
 1689.502166    1.016293
 1691.169987    1.012196
 1692.837807    0.955194
 1694.505628    0.938568
 1696.173448    0.914368
 1697.841269    0.857406
 1699.509089    0.847457
 1701.176910    0.761016
 1702.844730    0.741015
 1704.512551    0.743371
 1706.180371    0.678549
 1707.848192    0.673837
 1709.516012    0.638841
 1711.183833    0.615456
 1712.851653    0.621685
 1714.519474    0.610066
 1716.187295    0.588783
 1717.855115    0.584124
 1719.522935    0.543483
 1721.190756    0.525143
 1722.858576    0.513977
 1724.526397    0.534567
 1726.194217    0.513360
 1727.862038    0.481488
 1729.529858    0.478065
 1731.197679    0.475274
 1732.865499    0.443430
 1734.533320    0.434927
 1736.201140    0.431452
 1737.868961    0.420569
 1739.536781    0.413111
 1741.204602    0.404425
 1742.872422    0.394182
 1744.540243    0.395047
 1746.208063    0.388193
 1747.875884    0.390402
 1749.543704    0.388724
 1751.211525    0.390322
 1752.879345    0.374152
 1754.547166    0.375731
 1756.214986    0.382818
 1757.882807    0.389188
 1759.550627    0.380205
 1761.218448    0.386605
 1762.886268    0.376784
 1764.554089    0.387832
 1766.221910    0.394021
 1767.889730    0.383493
 1769.557550    0.388810
 1771.225371    0.382331
 1772.893191    0.403071
 1774.561012    0.385193
 1776.228832    0.389962
 1777.896653    0.415440
 1779.564473    0.400596
 1781.232294    0.399730
 1782.900114    0.398753
 1784.567935    0.416629
 1786.235755    0.424302
 1787.903576    0.425243
 1789.571396    0.442435
 1791.239217    0.451138
 1792.907037    0.458787
 1794.574858    0.489666
 1796.242678    0.478536
 1797.910499    0.498117
 1799.578319    0.505158
 1801.246140    0.531493
 1802.913960    0.542032
 1804.581781    0.535496
 1806.249601    0.584500
 1807.917422    0.557580
 1809.585242    0.570765
 1811.253063    0.583319
 1812.920883    0.609049
 1814.588704    0.589900
 1816.256524    0.622337
 1817.924345    0.617290
 1819.592165    0.645210
 1821.259986    0.608474
 1822.927806    0.622993
 1824.595627    0.602487
 1826.263447    0.603216
 1827.931268    0.616722
 1829.599088    0.610728
 1831.266909    0.588580
 1832.934730    0.565706
 1834.602550    0.549065
 1836.270370    0.533949
 1837.938191    0.554800
 1839.606011    0.513499
 1841.273832    0.496281
 1842.941652    0.470979
 1844.609473    0.477468
 1846.277293    0.448150
 1847.945114    0.432578
 1849.612934    0.434116
 1851.280755    0.402763
 1852.948575    0.402740
 1854.616396    0.402585
 1856.284216    0.378395
 1857.952037    0.365607
 1859.619857    0.368910
 1861.287678    0.346968
 1862.955498    0.353191
 1864.623319    0.331396
 1866.291139    0.328351
 1867.958960    0.340287
 1869.626780    0.323085
 1871.294601    0.324546
 1872.962421    0.302339
 1874.630242    0.303297
 1876.298062    0.294726
 1877.965883    0.293484
 1879.633703    0.275116
 1881.301524    0.280698
 1882.969344    0.286759
 1884.637165    0.273032
 1886.304985    0.274122
 1887.972806    0.264546
 1889.640626    0.262895
 1891.308447    0.268229
 1892.976267    0.251845
 1894.644088    0.257125
 1896.311908    0.262009
 1897.979729    0.254509
 1899.647549    0.249068
 1901.315370    0.253015
 1902.983190    0.245268
 1904.651011    0.246916
 1906.318831    0.250725
 1907.986652    0.239414
 1909.654472    0.243474
 1911.322293    0.236424
 1912.990113    0.239360
 1914.657934    0.236699
 1916.325754    0.236552
 1917.993575    0.233639
 1919.661395    0.240380
 1921.329216    0.245725
 1922.997036    0.235426
 1924.664857    0.242430
 1926.332677    0.232015
 1928.000498    0.239129
 1929.668318    0.243189
 1931.336139    0.259467
 1933.003959    0.242010
 1934.671780    0.247280
 1936.339600    0.241691
 1938.007421    0.252499
 1939.675241    0.256944
 1941.343062    0.241461
 1943.010882    0.257886
 1944.678703    0.253777
 1946.346523    0.265219
 1948.014344    0.250959
 1949.682164    0.269055
 1951.349985    0.277866
 1953.017805    0.266129
 1954.685626    0.279810
 1956.353446    0.285316
 1958.021267    0.269034
 1959.689087    0.287694
 1961.356908    0.288285
 1963.024728    0.289342
 1964.692549    0.296630
 1966.360369    0.299951
 1968.028190    0.300024
 1969.696010    0.299869
 1971.363831    0.304937
 1973.031651    0.303107
 1974.699472    0.287477
 1976.367292    0.308673
 1978.035113    0.296593
 1979.702933    0.284610
 1981.370754    0.287980
 1983.038574    0.288684
 1984.706395    0.290209
 1986.374215    0.281895
 1988.042036    0.266583
 1989.709856    0.272064
 1991.377677    0.265926
 1993.045497    0.257122
 1994.713318    0.260295
 1996.381138    0.249486
 1998.048959    0.247139
 1999.716779    0.231544
 2001.384600    0.229769
 2003.052420    0.234805
 2004.720241    0.227161
 2006.388061    0.217937
 2008.055882    0.222083
 2009.723702    0.212585
 2011.391523    0.213757
 2013.059343    0.210984
 2014.727164    0.200940
 2016.394984    0.199737
 2018.062805    0.203766
 2019.730625    0.207140
 2021.398446    0.198653
 2023.066266    0.189753
 2024.734087    0.200279
 2026.401907    0.197578
 2028.069728    0.198635
 2029.737548    0.203622
 2031.405369    0.184205
 2033.073189    0.186659
 2034.741010    0.183330
 2036.408830    0.184046
 2038.076651    0.180158
 2039.744471    0.185841
 2041.412292    0.189051
 2043.080112    0.187058
 2044.747933    0.178898
 2046.415753    0.180788
 2048.083574    0.178128
 2049.751395    0.184117
 2051.419215    0.181695
 2053.087035    0.172049
 2054.754856    0.178079
 2056.422676    0.178361
 2058.090497    0.178252
 2059.758317    0.183355
 2061.426138    0.173909
 2063.093958    0.175067
 2064.761779    0.175751
 2066.429599    0.174295
 2068.097420    0.177685
 2069.765240    0.178773
 2071.433061    0.181201
 2073.100881    0.176234
 2074.768702    0.179772
 2076.436522    0.181515
 2078.104343    0.180728
 2079.772163    0.180849
 2081.439984    0.185770
 2083.107804    0.181984
 2084.775625    0.185212
 2086.443445    0.180523
 2088.111266    0.183395
 2089.779086    0.186404
 2091.446907    0.191015
 2093.114727    0.190330
 2094.782548    0.196380
 2096.450368    0.192698
 2098.118189    0.194416
 2099.786010    0.199395
 2101.453830    0.199247
 2103.121650    0.202240
 2104.789471    0.205502
 2106.457291    0.207924
 2108.125112    0.211249
 2109.792933    0.212501
 2111.460753    0.214608
 2113.128573    0.218367
 2114.796394    0.219894
 2116.464214    0.223393
 2118.132035    0.231968
 2119.799855    0.229139
 2121.467676    0.231120
 2123.135496    0.232627
 2124.803317    0.243794
 2126.471137    0.244229
 2128.138958    0.259344
 2129.806778    0.263367
 2131.474599    0.264808
 2133.142419    0.269805
 2134.810240    0.275947
 2136.478060    0.284570
 2138.145881    0.286142
 2139.813702    0.312606
 2141.481522    0.322609
 2143.149342    0.320692
 2144.817163    0.328956
 2146.484983    0.341742
 2148.152804    0.348579
 2149.820624    0.356257
 2151.488445    0.363313
 2153.156265    0.374855
 2154.824086    0.386538
 2156.491906    0.387345
 2158.159727    0.407324
 2159.827547    0.408493
 2161.495368    0.420050
 2163.163188    0.426266
 2164.831009    0.438162
 2166.498829    0.445798
 2168.166650    0.461960
 2169.834470    0.450987
 2171.502291    0.470603
 2173.170112    0.459319
 2174.837932    0.457752
 2176.505752    0.454054
 2178.173573    0.459859
 2179.841393    0.477862
 2181.509214    0.448370
 2183.177034    0.438791
 2184.844855    0.432742
 2186.512675    0.437474
 2188.180496    0.428831
 2189.848316    0.430496
 2191.516137    0.422355
 2193.183957    0.413426
 2194.851778    0.402451
 2196.519598    0.394029
 2198.187419    0.386072
 2199.855239    0.371985
 2201.523060    0.373518
 2203.190880    0.365390
 2204.858701    0.352226
 2206.526521    0.334060
 2208.194342    0.323811
 2209.862162    0.327546
 2211.529983    0.318042
 2213.197803    0.300374
 2214.865624    0.301203
 2216.533444    0.288143
 2218.201265    0.289529
 2219.869085    0.288049
 2221.536906    0.279988
 2223.204727    0.269495
 2224.872547    0.274229
 2226.540367    0.264566
 2228.208188    0.260412
 2229.876008    0.268203
 2231.543829    0.259177
 2233.211650    0.246645
 2234.879470    0.244991
 2236.547290    0.245665
 2238.215111    0.249146
 2239.882931    0.239337
 2241.550752    0.237286
 2243.218572    0.241033
 2244.886393    0.236627
 2246.554213    0.248946
 2248.222034    0.234877
 2249.889854    0.236464
 2251.557675    0.242187
 2253.225495    0.243316
 2254.893316    0.236862
 2256.561136    0.244683
 2258.228957    0.244174
 2259.896777    0.248609
 2261.564598    0.254506
 2263.232418    0.259939
 2264.900239    0.258506
 2266.568059    0.256391
 2268.235880    0.257929
 2269.903700    0.266664
 2271.571521    0.272013
 2273.239342    0.273192
 2274.907162    0.273617
 2276.574982    0.284292
 2278.242803    0.280168
 2279.910623    0.284922
 2281.578444    0.287822
 2283.246265    0.295615
 2284.914085    0.291774
 2286.581905    0.298927
 2288.249726    0.299799
 2289.917546    0.297401
 2291.585367    0.301041
 2293.253187    0.314593
 2294.921008    0.307781
 2296.588828    0.322975
 2298.256649    0.319685
 2299.924469    0.318835
 2301.592290    0.321996
 2303.260110    0.330974
 2304.927931    0.333043
 2306.595752    0.341887
 2308.263572    0.335291
 2309.931392    0.351791
 2311.599213    0.337824
 2313.267033    0.352603
 2314.934854    0.353741
 2316.602674    0.359810
 2318.270495    0.366116
 2319.938315    0.366792
 2321.606136    0.358998
 2323.273957    0.370811
 2324.941777    0.369426
 2326.609597    0.357761
 2328.277418    0.367757
 2329.945238    0.361737
 2331.613059    0.368295
 2333.280880    0.367744
 2334.948700    0.351830
 2336.616520    0.341632
 2338.284341    0.338297
 2339.952161    0.334218
 2341.619982    0.325099
 2343.287802    0.320192
 2344.955623    0.310344
 2346.623443    0.297799
 2348.291264    0.303457
 2349.959084    0.286466
 2351.626905    0.282710
 2353.294725    0.274838
 2354.962546    0.274038
 2356.630367    0.257290
 2358.298187    0.260983
 2359.966007    0.247085
 2361.633828    0.252105
 2363.301648    0.244761
 2364.969469    0.233704
 2366.637289    0.236002
 2368.305110    0.225187
 2369.972930    0.230312
 2371.640751    0.221149
 2373.308571    0.219013
 2374.976392    0.211193
 2376.644212    0.211930
 2378.312033    0.202057
 2379.979853    0.202627
 2381.647674    0.196810
 2383.315494    0.197617
 2384.983315    0.196662
 2386.651135    0.187745
 2388.318956    0.187163
 2389.986776    0.191403
 2391.654597    0.193274
 2393.322417    0.193986
 2394.990238    0.186301
 2396.658058    0.192369
 2398.325879    0.181455
 2399.993699    0.181314
 2401.661520    0.186363
 2403.329340    0.182534
 2404.997161    0.178696
 2406.664982    0.187614
 2408.332802    0.176907
 2410.000622    0.177285
 2411.668443    0.178245
 2413.336263    0.177449
 2415.004084    0.185934
 2416.671904    0.176088
 2418.339725    0.173465
 2420.007545    0.181344
 2421.675366    0.184932
 2423.343186    0.180010
 2425.011007    0.183602
 2426.678827    0.179185
 2428.346648    0.186925
 2430.014468    0.184346
 2431.682289    0.187898
 2433.350109    0.184152
 2435.017930    0.183395
 2436.685750    0.177451
 2438.353571    0.186446
 2440.021391    0.184086
 2441.689212    0.185816
 2443.357032    0.181066
 2445.024853    0.179058
 2446.692673    0.184477
 2448.360494    0.178128
 2450.028314    0.172381
 2451.696135    0.186018
 2453.363955    0.172852
 2455.031776    0.175238
 2456.699597    0.159353
 2458.367417    0.168092
 2460.035237    0.166791
 2461.703058    0.166360
 2463.370878    0.156611
 2465.038699    0.156685
 2466.706520    0.160513
 2468.374340    0.149959
 2470.042160    0.159775
 2471.709981    0.155048
 2473.377801    0.161530
 2475.045622    0.155254
 2476.713442    0.155466
 2478.381263    0.148840
 2480.049083    0.148448
 2481.716904    0.149355
 2483.384724    0.145190
 2485.052545    0.148754
 2486.720365    0.149750
 2488.388186    0.146798
 2490.056006    0.133628
 2491.723827    0.142030
 2493.391647    0.143875
 2495.059468    0.140160
 2496.727288    0.144312
 2498.395109    0.142194
 2500.062929    0.142140
 2501.730750    0.142378
 2503.398570    0.138688
 2505.066391    0.142747
 2506.734212    0.141200
 2508.402032    0.133740
 2510.069852    0.134305
 2511.737673    0.137240
 2513.405493    0.138803
 2515.073314    0.140330
 2516.741135    0.139975
 2518.408955    0.130498
 2520.076775    0.131779
 2521.744596    0.137193
 2523.412416    0.135421
 2525.080237    0.139970
 2526.748057    0.138995
 2528.415878    0.135487
 2530.083698    0.133156
 2531.751519    0.135669
 2533.419339    0.131480
 2535.087160    0.134652
 2536.754980    0.134656
 2538.422801    0.130206
 2540.090621    0.129644
 2541.758442    0.134067
 2543.426262    0.132994
 2545.094083    0.134916
 2546.761903    0.125590
 2548.429724    0.128889
 2550.097544    0.129780
 2551.765365    0.127455
 2553.433185    0.135822
 2555.101006    0.137298
 2556.768827    0.129987
 2558.436647    0.134289
 2560.104467    0.130428
 2561.772288    0.133079
 2563.440108    0.132630
 2565.107929    0.131664
 2566.775750    0.130777
 2568.443570    0.129129
 2570.111390    0.130611
 2571.779211    0.127387
 2573.447031    0.131860
 2575.114852    0.134431
 2576.782672    0.134326
 2578.450493    0.134783
 2580.118313    0.131509
 2581.786134    0.136296
 2583.453954    0.139373
 2585.121775    0.135542
 2586.789595    0.137555
 2588.457416    0.138813
 2590.125237    0.135378
 2591.793057    0.138687
 2593.460877    0.137170
 2595.128698    0.136961
 2596.796518    0.143329
 2598.464339    0.139289
 2600.132159    0.138792
 2601.799980    0.140011
 2603.467800    0.141828
 2605.135621    0.145277
 2606.803441    0.136109
 2608.471262    0.142987
 2610.139082    0.143755
 2611.806903    0.145041
 2613.474723    0.146158
 2615.142544    0.151118
 2616.810364    0.149744
 2618.478185    0.156096
 2620.146005    0.153182
 2621.813826    0.153222
 2623.481646    0.157615
 2625.149467    0.159797
 2626.817287    0.156400
 2628.485108    0.169883
 2630.152928    0.155879
 2631.820749    0.159539
 2633.488569    0.164486
 2635.156390    0.167999
 2636.824210    0.168241
 2638.492031    0.173942
 2640.159852    0.175037
 2641.827672    0.174762
 2643.495492    0.178993
 2645.163313    0.171760
 2646.831133    0.181927
 2648.498954    0.185947
 2650.166774    0.197967
 2651.834595    0.189846
 2653.502415    0.194957
 2655.170236    0.197753
 2656.838056    0.201568
 2658.505877    0.202877
 2660.173697    0.205481
 2661.841518    0.209549
 2663.509338    0.210066
 2665.177159    0.211381
 2666.844979    0.216585
 2668.512800    0.223285
 2670.180620    0.222046
 2671.848441    0.221845
 2673.516261    0.227885
 2675.184082    0.230900
 2676.851902    0.224702
 2678.519723    0.233856
 2680.187543    0.230788
 2681.855364    0.232708
 2683.523184    0.230049
 2685.191005    0.240835
 2686.858825    0.231998
 2688.526646    0.235281
 2690.194467    0.228631
 2691.862287    0.224657
 2693.530107    0.230137
 2695.197928    0.226550
 2696.865748    0.226220
 2698.533569    0.229460
 2700.201390    0.221929
 2701.869210    0.216598
 2703.537030    0.219472
 2705.204851    0.206744
 2706.872671    0.201683
 2708.540492    0.208586
 2710.208312    0.207299
 2711.876133    0.203378
 2713.543953    0.199334
 2715.211774    0.197044
 2716.879594    0.193995
 2718.547415    0.190023
 2720.215235    0.187304
 2721.883056    0.189693
 2723.550876    0.184149
 2725.218697    0.176320
 2726.886517    0.173986
 2728.554338    0.174663
 2730.222158    0.171764
 2731.889979    0.165934
 2733.557799    0.168645
 2735.225620    0.165284
 2736.893440    0.162287
 2738.561261    0.159962
 2740.229082    0.157966
 2741.896902    0.155045
 2743.564722    0.156282
 2745.232543    0.162418
 2746.900363    0.161967
 2748.568184    0.162384
 2750.236005    0.154868
 2751.903825    0.153747
 2753.571645    0.156470
 2755.239466    0.155631
 2756.907286    0.149525
 2758.575107    0.153801
 2760.242927    0.151273
 2761.910748    0.153259
 2763.578568    0.150085
 2765.246389    0.153978
 2766.914209    0.158889
 2768.582030    0.151394
 2770.249850    0.149136
 2771.917671    0.156147
 2773.585491    0.157922
 2775.253312    0.145393
 2776.921132    0.153608
 2778.588953    0.151619
 2780.256773    0.152017
 2781.924594    0.142901
 2783.592414    0.150363
 2785.260235    0.144738
 2786.928055    0.146715
 2788.595876    0.148809
 2790.263696    0.144035
 2791.931517    0.143574
 2793.599337    0.143735
 2795.267158    0.141849
 2796.934978    0.138098
 2798.602799    0.137098
 2800.270619    0.136338
 2801.938440    0.135406
 2803.606260    0.132891
 2805.274081    0.133970
 2806.941901    0.135455
 2808.609722    0.133884
 2810.277542    0.131517
 2811.945363    0.127003
 2813.613183    0.130825
 2815.281004    0.125930
 2816.948824    0.122854
 2818.616645    0.125270
 2820.284465    0.130672
 2821.952286    0.124033
 2823.620107    0.126450
 2825.287927    0.120576
 2826.955747    0.124283
 2828.623568    0.123929
 2830.291388    0.124687
 2831.959209    0.119595
 2833.627029    0.117683
 2835.294850    0.122321
 2836.962670    0.116550
 2838.630491    0.116972
 2840.298311    0.117773
 2841.966132    0.111557
 2843.633952    0.118623
 2845.301773    0.114218
 2846.969593    0.114832
 2848.637414    0.110358
 2850.305234    0.109211
 2851.973055    0.108871
 2853.640875    0.109538
 2855.308696    0.112921
 2856.976516    0.106811
 2858.644337    0.109517
 2860.312157    0.112362
 2861.979978    0.108932
 2863.647798    0.108518
 2865.315619    0.106967
 2866.983439    0.110999
 2868.651260    0.109696
 2870.319080    0.108368
 2871.986901    0.103954
 2873.654722    0.104437
 2875.322542    0.104518
 2876.990362    0.106295
 2878.658183    0.105492
 2880.326003    0.105586
 2881.993824    0.103863
 2883.661644    0.105691
 2885.329465    0.107113
 2886.997285    0.106585
 2888.665106    0.104732
 2890.332926    0.106064
 2892.000747    0.106756
 2893.668567    0.106176
 2895.336388    0.108313
 2897.004208    0.104729
 2898.672029    0.105474
 2900.339849    0.102975
 2902.007670    0.102767
 2903.675490    0.098849
 2905.343311    0.102969
 2907.011131    0.099069
 2908.678952    0.104667
 2910.346772    0.102891
 2912.014593    0.102102
 2913.682413    0.101779
 2915.350234    0.102386
 2917.018054    0.099557
 2918.685875    0.096510
 2920.353695    0.103402
 2922.021516    0.101188
 2923.689337    0.096102
 2925.357157    0.097573
 2927.024977    0.099625
 2928.692798    0.093963
 2930.360618    0.096595
 2932.028439    0.095263
 2933.696259    0.093533
 2935.364080    0.096019
 2937.031900    0.092619
 2938.699721    0.096823
 2940.367541    0.090814
 2942.035362    0.095143
 2943.703182    0.093605
 2945.371003    0.092579
 2947.038823    0.093122
 2948.706644    0.091498
 2950.374464    0.088470
 2952.042285    0.096847
 2953.710105    0.090818
 2955.377926    0.090210
 2957.045746    0.091092
 2958.713567    0.093490
 2960.381387    0.093185
 2962.049208    0.089506
 2963.717028    0.088789
 2965.384849    0.093293
 2967.052669    0.089484
 2968.720490    0.093299
 2970.388310    0.094654
 2972.056131    0.092384
 2973.723952    0.090049
 2975.391772    0.086648
 2977.059592    0.087723
 2978.727413    0.087992
 2980.395233    0.090333
 2982.063054    0.087652
 2983.730875    0.086740
 2985.398695    0.090529
 2987.066515    0.087839
 2988.734336    0.086130
 2990.402156    0.084883
 2992.069977    0.086827
 2993.737797    0.086082
 2995.405618    0.086078
 2997.073438    0.086233
 2998.741259    0.086257
 3000.409079    0.085255
 3002.076900    0.084477
 3003.744720    0.088767
 3005.412541    0.086176
 3007.080361    0.086371
 3008.748182    0.081790
 3010.416002    0.085731
 3012.083823    0.085416
 3013.751643    0.086221
 3015.419464    0.084178
 3017.087284    0.082941
 3018.755105    0.082775
 3020.422925    0.082558
 3022.090746    0.085263
 3023.758566    0.078898
 3025.426387    0.083035
 3027.094207    0.084601
 3028.762028    0.084389
 3030.429848    0.082592
 3032.097669    0.084318
 3033.765489    0.081851
 3035.433310    0.079954
 3037.101130    0.080967
 3038.768951    0.077796
 3040.436771    0.080435
 3042.104592    0.080052
 3043.772412    0.079868
 3045.440233    0.079956
 3047.108053    0.081655
 3048.775874    0.078269
 3050.443694    0.081062
 3052.111515    0.079727
 3053.779335    0.078260
 3055.447156    0.079464
 3057.114977    0.077515
 3058.782797    0.080084
 3060.450617    0.077072
 3062.118438    0.076397
 3063.786258    0.079557
 3065.454079    0.078932
 3067.121899    0.078240
 3068.789720    0.078712
 3070.457540    0.078807
 3072.125361    0.077535
 3073.793181    0.077636
 3075.461002    0.078376
 3077.128822    0.078649
 3078.796643    0.074509
 3080.464463    0.078723
 3082.132284    0.076496
 3083.800104    0.076638
 3085.467925    0.076526
 3087.135745    0.077476
 3088.803566    0.076451
 3090.471386    0.076453
 3092.139207    0.079167
 3093.807027    0.074136
 3095.474848    0.074651
 3097.142668    0.077332
 3098.810489    0.070699
 3100.478309    0.074139
 3102.146130    0.073688
 3103.813950    0.074318
 3105.481771    0.073830
 3107.149592    0.073443
 3108.817412    0.075097
 3110.485232    0.076344
 3112.153053    0.075812
 3113.820873    0.073092
 3115.488694    0.076532
 3117.156514    0.071566
 3118.824335    0.074320
 3120.492155    0.073280
 3122.159976    0.074315
 3123.827796    0.071638
 3125.495617    0.073404
 3127.163437    0.072211
 3128.831258    0.072981
 3130.499078    0.070416
 3132.166899    0.071979
 3133.834719    0.070335
 3135.502540    0.069074
 3137.170360    0.070173
 3138.838181    0.069876
 3140.506001    0.074017
 3142.173822    0.068198
 3143.841642    0.070267
 3145.509463    0.070884
 3147.177283    0.072090
 3148.845104    0.068807
 3150.512924    0.069972
 3152.180745    0.069942
 3153.848565    0.068914
 3155.516386    0.072338
 3157.184207    0.071953
 3158.852027    0.069315
 3160.519847    0.066694
 3162.187668    0.069808
 3163.855488    0.067985
 3165.523309    0.067417
 3167.191129    0.070210
 3168.858950    0.069174
 3170.526770    0.065416
 3172.194591    0.070364
 3173.862411    0.067584
 3175.530232    0.068085
 3177.198052    0.066483
 3178.865873    0.065632
 3180.533693    0.067821
 3182.201514    0.066128
 3183.869334    0.065881
 3185.537155    0.066180
 3187.204975    0.067189
 3188.872796    0.064932
 3190.540616    0.062734
 3192.208437    0.063280
 3193.876257    0.069885
 3195.544078    0.066012
 3197.211898    0.068676
 3198.879719    0.064849
 3200.547539    0.063593
 3202.215360    0.063827
 3203.883180    0.064991
 3205.551001    0.064364
 3207.218822    0.064209
 3208.886642    0.061429
 3210.554462    0.063769
 3212.222283    0.065682
 3213.890103    0.061858
 3215.557924    0.063845
 3217.225744    0.062990
 3218.893565    0.065264
 3220.561385    0.061880
 3222.229206    0.062877
 3223.897026    0.061694
 3225.564847    0.062927
 3227.232667    0.063495
 3228.900488    0.063751
 3230.568308    0.060724
 3232.236129    0.058592
 3233.903949    0.062344
 3235.571770    0.060668
 3237.239590    0.062128
 3238.907411    0.060212
 3240.575231    0.059947
 3242.243052    0.059454
 3243.910872    0.058501
 3245.578693    0.059504
 3247.246513    0.059542
 3248.914334    0.057606
 3250.582154    0.058336
 3252.249975    0.059520
 3253.917795    0.059107
 3255.585616    0.059617
 3257.253436    0.058115
 3258.921257    0.057664
 3260.589077    0.058052
 3262.256898    0.056681
 3263.924718    0.057495
 3265.592539    0.057909
 3267.260359    0.057856
 3268.928180    0.055244
 3270.596000    0.057088
 3272.263821    0.055974
 3273.931641    0.054018
 3275.599462    0.057056
 3277.267282    0.055441
 3278.935103    0.056295
 3280.602923    0.055746
 3282.270744    0.057233
 3283.938564    0.054997
 3285.606385    0.054248
 3287.274205    0.055088
 3288.942026    0.055997
 3290.609847    0.052962
 3292.277667    0.056678
 3293.945487    0.055257
 3295.613308    0.054755
 3297.281128    0.054150
 3298.948949    0.053978
 3300.616769    0.054363
 3302.284590    0.052532
 3303.952410    0.052568
 3305.620231    0.054789
 3307.288051    0.052532
 3308.955872    0.052337
 3310.623692    0.052668
 3312.291513    0.052405
 3313.959333    0.054693
 3315.627154    0.054171
 3317.294974    0.053835
 3318.962795    0.052830
 3320.630615    0.052066
 3322.298436    0.051467
 3323.966256    0.052763
 3325.634077    0.053401
 3327.301897    0.052016
 3328.969718    0.052476
 3330.637538    0.051999
 3332.305359    0.053052
 3333.973179    0.049579
 3335.641000    0.052293
 3337.308820    0.050169
 3338.976641    0.050825
 3340.644462    0.049750
 3342.312282    0.049407
 3343.980102    0.048456
 3345.647923    0.049489
 3347.315743    0.050950
 3348.983564    0.050100
 3350.651384    0.049721
 3352.319205    0.047341
 3353.987025    0.047834
 3355.654846    0.048915
 3357.322666    0.048771
 3358.990487    0.048673
 3360.658307    0.049202
 3362.326128    0.048122
 3363.993948    0.047402
 3365.661769    0.046280
 3367.329589    0.047435
 3368.997410    0.047284
 3370.665230    0.046747
 3372.333051    0.046727
 3374.000871    0.048048
 3375.668692    0.046782
 3377.336512    0.047470
 3379.004333    0.046911
 3380.672153    0.045868
 3382.339974    0.047454
 3384.007794    0.045364
 3385.675615    0.046070
 3387.343435    0.046169
 3389.011256    0.044398
 3390.679077    0.044987
 3392.346897    0.046765
 3394.014717    0.045541
 3395.682538    0.042922
 3397.350358    0.044404
 3399.018179    0.046298
 3400.685999    0.045336
 3402.353820    0.044428
 3404.021640    0.044032
 3405.689461    0.044202
 3407.357281    0.045003
 3409.025102    0.044958
 3410.692922    0.043995
 3412.360743    0.043179
 3414.028563    0.043473
 3415.696384    0.043944
 3417.364204    0.043016
 3419.032025    0.042044
 3420.699845    0.041486
 3422.367666    0.041285
 3424.035486    0.042582
 3425.703307    0.041638
 3427.371127    0.040952
 3429.038948    0.041899
 3430.706768    0.043116
 3432.374589    0.042150
 3434.042409    0.042423
 3435.710230    0.040924
 3437.378050    0.041846
 3439.045871    0.040764
 3440.713691    0.040773
 3442.381512    0.040103
 3444.049332    0.040894
 3445.717153    0.040982
 3447.384973    0.039444
 3449.052794    0.039153
 3450.720614    0.041597
 3452.388435    0.038930
 3454.056255    0.040238
 3455.724076    0.038734
 3457.391896    0.040352
 3459.059717    0.039438
 3460.727537    0.040405
 3462.395358    0.039886
 3464.063178    0.038596
 3465.730999    0.038481
 3467.398819    0.039755
 3469.066640    0.039908
 3470.734460    0.037909
 3472.402281    0.036138
 3474.070101    0.038347
 3475.737922    0.037761
 3477.405742    0.037619
 3479.073563    0.038428
 3480.741383    0.037012
 3482.409204    0.036341
 3484.077024    0.037329
 3485.744845    0.037428
 3487.412665    0.036634
 3489.080486    0.037204
 3490.748306    0.035396
 3492.416127    0.036570
 3494.083947    0.036675
 3495.751768    0.035598
 3497.419588    0.036459
 3499.087409    0.035998
 3500.755229    0.035895
 3502.423050    0.034817
 3504.090870    0.034815
 3505.758691    0.034857
 3507.426511    0.035329
 3509.094332    0.033939
 3510.762152    0.034828
 3512.429973    0.034226
 3514.097793    0.034177
 3515.765614    0.034774
 3517.433434    0.035340
 3519.101255    0.034177
 3520.769075    0.033390
 3522.436896    0.034053
 3524.104716    0.034212
 3525.772537    0.033936
 3527.440357    0.032750
 3529.108178    0.031940
 3530.775998    0.033101
 3532.443819    0.032972
 3534.111639    0.032665
 3535.779460    0.032968
 3537.447280    0.032621
 3539.115101    0.031540
 3540.782921    0.031761
 3542.450742    0.031532
 3544.118562    0.031220
 3545.786383    0.033167
 3547.454203    0.031621
 3549.122024    0.030838
 3550.789844    0.031267
 3552.457665    0.031223
 3554.125485    0.030278
 3555.793306    0.030206
 3557.461126    0.031118
 3559.128947    0.030107
 3560.796767    0.030140
 3562.464588    0.030076
 3564.132408    0.030045
 3565.800229    0.028915
 3567.468049    0.030124
 3569.135870    0.029722
 3570.803690    0.031001
 3572.471511    0.030083
 3574.139332    0.029366
 3575.807152    0.028429
 3577.474972    0.029391
 3579.142793    0.028915
 3580.810613    0.029027
 3582.478434    0.029919
 3584.146254    0.028695
 3585.814075    0.028461
 3587.481895    0.028425
 3589.149716    0.027913
 3590.817536    0.027284
 3592.485357    0.028378
 3594.153177    0.028190
 3595.820998    0.027670
 3597.488818    0.028918
 3599.156639    0.027328
 3600.824459    0.028550
 3602.492280    0.027184
 3604.160100    0.028057
 3605.827921    0.027016
 3607.495741    0.027030
 3609.163562    0.027578
 3610.831382    0.026229
 3612.499203    0.026186
 3614.167023    0.026655
 3615.834844    0.027058
 3617.502664    0.027078
 3619.170485    0.025795
 3620.838305    0.025658
 3622.506126    0.025930
 3624.173947    0.025584
 3625.841767    0.025962
 3627.509587    0.025066
 3629.177408    0.025045
 3630.845228    0.025002
 3632.513049    0.025378
 3634.180869    0.024468
 3635.848690    0.024455
 3637.516510    0.024040
 3639.184331    0.024856
 3640.852151    0.024282
 3642.519972    0.024633
 3644.187792    0.023984
 3645.855613    0.024199
 3647.523433    0.024181
 3649.191254    0.023543
 3650.859074    0.024138
 3652.526895    0.023122
 3654.194715    0.025303
 3655.862536    0.022458
 3657.530356    0.023093
 3659.198177    0.023340
 3660.865997    0.022796
 3662.533818    0.022714
 3664.201638    0.022547
 3665.869459    0.022140
 3667.537279    0.023104
 3669.205100    0.022326
 3670.872920    0.022513
 3672.540741    0.022948
 3674.208561    0.021792
 3675.876382    0.021812
 3677.544202    0.021958
 3679.212023    0.021788
 3680.879843    0.021334
 3682.547664    0.022080
 3684.215484    0.021213
 3685.883305    0.020996
 3687.551125    0.021567
 3689.218946    0.021170
 3690.886766    0.020867
 3692.554587    0.020593
 3694.222407    0.020245
 3695.890228    0.020729
 3697.558048    0.019850
 3699.225869    0.020144
 3700.893689    0.019811
 3702.561510    0.020487
 3704.229330    0.020300
 3705.897151    0.019791
 3707.564971    0.020387
 3709.232792    0.019536
 3710.900612    0.019738
 3712.568433    0.019515
 3714.236253    0.019729
 3715.904074    0.019419
 3717.571894    0.018891
 3719.239715    0.018689
 3720.907535    0.019404
 3722.575356    0.019157
 3724.243176    0.018265
 3725.910997    0.018140
 3727.578817    0.018654
 3729.246638    0.018554
 3730.914458    0.018826
 3732.582279    0.017790
 3734.250099    0.018031
 3735.917920    0.017802
 3737.585740    0.017617
 3739.253561    0.017906
 3740.921381    0.017273
 3742.589202    0.017598
 3744.257022    0.017553
 3745.924843    0.017000
 3747.592663    0.017335
 3749.260484    0.017622
 3750.928304    0.017101
 3752.596125    0.017177
 3754.263945    0.017156
 3755.931766    0.016658
 3757.599586    0.016431
 3759.267407    0.016179
 3760.935227    0.016193
 3762.603048    0.016198
 3764.270868    0.015885
 3765.938689    0.016384
 3767.606509    0.015712
 3769.274330    0.015886
 3770.942150    0.016440
 3772.609971    0.015426
 3774.277791    0.015133
 3775.945612    0.015123
 3777.613432    0.015541
 3779.281253    0.015555
 3780.949073    0.014703
 3782.616894    0.015526
 3784.284714    0.015612
 3785.952535    0.015425
 3787.620355    0.015038
 3789.288176    0.014852
 3790.955996    0.014797
 3792.623817    0.014722
 3794.291637    0.014320
 3795.959458    0.014277
 3797.627278    0.014308
 3799.295099    0.014478
 3800.962919    0.014332
 3802.630740    0.013727
 3804.298560    0.013979
 3805.966381    0.013864
 3807.634202    0.013958
 3809.302022    0.013669
 3810.969842    0.013944
 3812.637663    0.013684
 3814.305483    0.013648
 3815.973304    0.014156
 3817.641124    0.013241
 3819.308945    0.013033
 3820.976765    0.013314
 3822.644586    0.013296
 3824.312406    0.013063
 3825.980227    0.013131
 3827.648047    0.012909
 3829.315868    0.012684
 3830.983688    0.012587
 3832.651509    0.012474
 3834.319329    0.012924
 3835.987150    0.012375
 3837.654970    0.012573
 3839.322791    0.012130
 3840.990611    0.012350
 3842.658432    0.012120
 3844.326252    0.012277
 3845.994073    0.012317
 3847.661893    0.011649
 3849.329714    0.011599
 3850.997534    0.011337
 3852.665355    0.011485
 3854.333175    0.011512
 3856.000996    0.011373
 3857.668816    0.011158
 3859.336637    0.011399
 3861.004457    0.011324
 3862.672278    0.011108
 3864.340098    0.011272
 3866.007919    0.010866
 3867.675739    0.011329
 3869.343560    0.010625
 3871.011380    0.010380
 3872.679201    0.010665
 3874.347021    0.010497
 3876.014842    0.010228
 3877.682662    0.010527
 3879.350483    0.010450
 3881.018303    0.010741
 3882.686124    0.010096
 3884.353944    0.009744
 3886.021765    0.010193
 3887.689585    0.009983
 3889.357406    0.010326
 3891.025226    0.009920
 3892.693047    0.009858
 3894.360867    0.009773
 3896.028688    0.009875
 3897.696508    0.009667
 3899.364329    0.009334
 3901.032149    0.009597
 3902.699970    0.009327
 3904.367790    0.009440
 3906.035611    0.008899
 3907.703431    0.009364
 3909.371252    0.009305
 3911.039072    0.008893
 3912.706893    0.009025
 3914.374713    0.008967
 3916.042534    0.009191
 3917.710354    0.008713
 3919.378175    0.008804
 3921.045995    0.009008
 3922.713816    0.009016
 3924.381636    0.008782
 3926.049457    0.008485
 3927.717277    0.008488
 3929.385098    0.008563
 3931.052918    0.008346
 3932.720739    0.008442
 3934.388559    0.007995
 3936.056380    0.008047
 3937.724200    0.007985
 3939.392021    0.007989
 3941.059841    0.007956
 3942.727662    0.008134
 3944.395482    0.007919
 3946.063303    0.007786
 3947.731123    0.007761
 3949.398944    0.007737
 3951.066764    0.007718
 3952.734585    0.007875
 3954.402405    0.007348
 3956.070226    0.007617
 3957.738046    0.007574
 3959.405867    0.007329
 3961.073687    0.007429
 3962.741508    0.007349
 3964.409328    0.007486
 3966.077149    0.007295
 3967.744969    0.006983
 3969.412790    0.007001
 3971.080610    0.007029
 3972.748431    0.006963
 3974.416251    0.006896
 3976.084072    0.006868
 3977.751892    0.007076
 3979.419713    0.006810
 3981.087533    0.006812
 3982.755354    0.006768
 3984.423174    0.006503
 3986.090995    0.006418
 3987.758815    0.006442
 3989.426636    0.006403
 3991.094456    0.006434
 3992.762277    0.006424
 3994.430097    0.006399
 3996.097918    0.006394
 3997.765738    0.006207
 3999.433559    0.006178
 4001.101379    0.006299
 4002.769200    0.006087
 4004.437020    0.006043
 4006.104841    0.006230
 4007.772661    0.006047
 4009.440482    0.006028
 4011.108302    0.005939
 4012.776123    0.006032
 4014.443943    0.005979
 4016.111764    0.005778
 4017.779584    0.005654
 4019.447405    0.005738
 4021.115225    0.005817
 4022.783046    0.005666
 4024.450866    0.005652
 4026.118687    0.005678
 4027.786507    0.005582
 4029.454328    0.005611
 4031.122148    0.005514
 4032.789969    0.005547
 4034.457789    0.005441
 4036.125610    0.005434
 4037.793430    0.005446
 4039.461251    0.005321
 4041.129072    0.005225
 4042.796892    0.005316
 4044.464712    0.005437
 4046.132533    0.005232
 4047.800353    0.005114
 4049.468174    0.005150
 4051.135994    0.004951
 4052.803815    0.005064
 4054.471635    0.005080
 4056.139456    0.005040
 4057.807276    0.005052
 4059.475097    0.004965
 4061.142917    0.004866
 4062.810738    0.004911
 4064.478558    0.004918
 4066.146379    0.004811
 4067.814199    0.004821
 4069.482020    0.004748
 4071.149840    0.004772
 4072.817661    0.004748
 4074.485481    0.004653
 4076.153302    0.004631
 4077.821122    0.004679
 4079.488943    0.004589
 4081.156763    0.004586
 4082.824584    0.004513
 4084.492404    0.004581
 4086.160225    0.004585
 4087.828045    0.004539
 4089.495866    0.004558
 4091.163686    0.004517
 4092.831507    0.004525
 4094.499327    0.004443
 4096.167148    0.004527
 4097.834968    0.004425
 4099.502789    0.004363
 4101.170609    0.004356
 4102.838430    0.004407
 4104.506250    0.004308
 4106.174071    0.004345
 4107.841892    0.004318
 4109.509712    0.004261
 4111.177532    0.004290
 4112.845353    0.004236
 4114.513173    0.004194
 4116.180994    0.004264
 4117.848815    0.004243
 4119.516635    0.004252
 4121.184455    0.004204
 4122.852276    0.004181
 4124.520096    0.004177
 4126.187917    0.004114
 4127.855738    0.004149
 4129.523558    0.004158
 4131.191378    0.004112
 4132.859199    0.004167
 4134.527019    0.004118
 4136.194840    0.004195
 4137.862660    0.004107
 4139.530481    0.004076
 4141.198301    0.004067
 4142.866122    0.004041
 4144.533942    0.004094
 4146.201763    0.004045
 4147.869583    0.004038
 4149.537404    0.004034
 4151.205224    0.004032
 4152.873045    0.004039
 4154.540865    0.004033
 4156.208686    0.004015
 4157.876506    0.004015
 4159.544327    0.003996
 4161.212147    0.004030
 4162.879968    0.004035
 4164.547788    0.004028
 4166.215609    0.004005
 4167.883429    0.004025
 4169.551250    0.003986
 4171.219070    0.000000
 4172.886891    0.000000
 4174.554711    0.000000
 4176.222532    0.000000
 4177.890352    0.000000
 4179.558173    0.000000
 4181.225993    0.000000
 4182.893814    0.000000
 4184.561634    0.000000
 4186.229455    0.000000
 4187.897275    0.000000
 4189.565096    0.000000
 4191.232917    0.000000
 4192.900737    0.000000
 4194.568557    0.000000
 4196.236378    0.000000
 4197.904198    0.000000
 4199.572019    0.000000
 4201.239840    0.000000
 4202.907660    0.000000
 4204.575480    0.000000
 4206.243301    0.000000
 4207.911121    0.000000
 4209.578942    0.000000
 4211.246762    0.000000
 4212.914583    0.000000
 4214.582403    0.000000
 4216.250224    0.000000
 4217.918044    0.000000
 4219.585865    0.000000
 4221.253685    0.000000
 4222.921506    0.000000
 4224.589326    0.000000
 4226.257147    0.000000
 4227.924967    0.000000
 4229.592788    0.000000
 4231.260608    0.000000
 4232.928429    0.000000
 4234.596249    0.000000
 4236.264070    0.000000
 4237.931890    0.000000
 4239.599711    0.000000
 4241.267531    0.000000
 4242.935352    0.000000
 4244.603172    0.000000
 4246.270993    0.000000
 4247.938813    0.000000
 4249.606634    0.000000
 4251.274454    0.000000
 4252.942275    0.000000
 4254.610095    0.000000
 4256.277916    0.000000
 4257.945736    0.000000
 4259.613557    0.000000
 4261.281377    0.000000
 4262.949198    0.000000
 4264.617018    0.000000
 4266.284839    0.000000
 4267.952659    0.000000
 4269.620480    0.000000
 4271.288301    0.000000
 4272.956121    0.000000
 4274.623942    0.000000
 4276.291762    0.000000
 4277.959582    0.000000
 4279.627403    0.000000
 4281.295223    0.000000
 4282.963044    0.000000
 4284.630864    0.000000
 4286.298685    0.000000
 4287.966505    0.000000
 4289.634326    0.000000
 4291.302147    0.000000
 4292.969967    0.000000
 4294.637787    0.000000
 4296.305608    0.000000
 4297.973428    0.000000
 4299.641249    0.000000
 4301.309069    0.000000
 4302.976890    0.000000
 4304.644710    0.000000
 4306.312531    0.000000
 4307.980351    0.000000
 4309.648172    0.000000
 4311.315992    0.000000
 4312.983813    0.000000
 4314.651633    0.000000
 4316.319454    0.000000
 4317.987274    0.000000
 4319.655095    0.000000
 4321.322915    0.000000
 4322.990736    0.000000
 4324.658556    0.000000
 4326.326377    0.000000
 4327.994197    0.000000
 4329.662018    0.000000
 4331.329838    0.000000
 4332.997659    0.000000
 4334.665479    0.000000
 4336.333300    0.000000
 4338.001121    0.000000
 4339.668941    0.000000
 4341.336761    0.000000
 4343.004582    0.000000
 4344.672402    0.000000
 4346.340223    0.000000
 4348.008043    0.000000
 4349.675864    0.000000
 4351.343684    0.000000
 4353.011505    0.000000
 4354.679326    0.000000
 4356.347146    0.000000
 4358.014966    0.000000
 4359.682787    0.000000
 4361.350607    0.000000
 4363.018428    0.000000
 4364.686248    0.000000
 4366.354069    0.000000
 4368.021889    0.000000
 4369.689710    0.000000
 4371.357531    0.000000
 4373.025351    0.000000
 4374.693172    0.000000
 4376.360992    0.000000
 4378.028812    0.000000
 4379.696633    0.000000
 4381.364453    0.000000
 4383.032274    0.000000
 4384.700094    0.000000
 4386.367915    0.000000
 4388.035735    0.000000
 4389.703556    0.000000
 4391.371376    0.000000
 4393.039197    0.000000
 4394.707017    0.000000
 4396.374838    0.000000
 4398.042658    0.000000
 4399.710479    0.000000
 4401.378299    0.000000
 4403.046120    0.000000
 4404.713940    0.000000
 4406.381761    0.000000
 4408.049581    0.000000
 4409.717402    0.000000
 4411.385222    0.000000
 4413.053043    0.000000
 4414.720863    0.000000
 4416.388684    0.000000
 4418.056504    0.000000
 4419.724325    0.000000
 4421.392145    0.000000
 4423.059966    0.000000
 4424.727786    0.000000
 4426.395607    0.000000
 4428.063427    0.000000
 4429.731248    0.000000
 4431.399068    0.000000
 4433.066889    0.000000
 4434.734709    0.000000
 4436.402530    0.000000
 4438.070351    0.000000
 4439.738171    0.000000
 4441.405991    0.000000
 4443.073812    0.000000
 4444.741632    0.000000
 4446.409453    0.000000
 4448.077273    0.000000
 4449.745094    0.000000
 4451.412914    0.000000
 4453.080735    0.000000
 4454.748556    0.000000
 4456.416376    0.000000
 4458.084196    0.000000
 4459.752017    0.000000
 4461.419837    0.000000
 4463.087658    0.000000
 4464.755478    0.000000
 4466.423299    0.000000
 4468.091119    0.000000
 4469.758940    0.000000
 4471.426760    0.000000
 4473.094581    0.000000
 4474.762402    0.000000
 4476.430222    0.000000
 4478.098042    0.000000
 4479.765863    0.000000
 4481.433683    0.000000
 4483.101504    0.000000
 4484.769324    0.000000
 4486.437145    0.000000
 4488.104965    0.000000
 4489.772786    0.000000
 4491.440606    0.000000
 4493.108427    0.000000
 4494.776247    0.000000
 4496.444068    0.000000
 4498.111888    0.000000
 4499.779709    0.000000
 4501.447529    0.000000
 4503.115350    0.000000
 4504.783170    0.000000
 4506.450991    0.000000
 4508.118811    0.000000
 4509.786632    0.000000
 4511.454452    0.000000
 4513.122273    0.000000
 4514.790093    0.000000
 4516.457914    0.000000
 4518.125734    0.000000
 4519.793555    0.000000
 4521.461376    0.000000
 4523.129196    0.000000
 4524.797016    0.000000
 4526.464837    0.000000
 4528.132657    0.000000
 4529.800478    0.000000
 4531.468298    0.000000
 4533.136119    0.000000
 4534.803939    0.000000
 4536.471760    0.000000
 4538.139581    0.000000
 4539.807401    0.000000
 4541.475221    0.000000
 4543.143042    0.000000
 4544.810862    0.000000
 4546.478683    0.000000
 4548.146503    0.000000
 4549.814324    0.000000
 4551.482144    0.000000
 4553.149965    0.000000
 4554.817786    0.000000
 4556.485606    0.000000
 4558.153427    0.000000
 4559.821247    0.000000
 4561.489067    0.000000
 4563.156888    0.000000
 4564.824708    0.000000
 4566.492529    0.000000
 4568.160349    0.000000
 4569.828170    0.000000
 4571.495990    0.000000
 4573.163811    0.000000
 4574.831632    0.000000
 4576.499452    0.000000
 4578.167272    0.000000
 4579.835093    0.000000
 4581.502913    0.000000
 4583.170734    0.000000
 4584.838554    0.000000
 4586.506375    0.000000
 4588.174195    0.000000
 4589.842016    0.000000
 4591.509836    0.000000
 4593.177657    0.000000
 4594.845477    0.000000
 4596.513298    0.000000
 4598.181118    0.000000
 4599.848939    0.000000
 4601.516759    0.000000
 4603.184580    0.000000
 4604.852400    0.000000
 4606.520221    0.000000
 4608.188041    0.000000
 4609.855862    0.000000
 4611.523682    0.000000
 4613.191503    0.000000
 4614.859323    0.000000
 4616.527144    0.000000
 4618.194964    0.000000
 4619.862785    0.000000
 4621.530606    0.000000
 4623.198426    0.000000
 4624.866246    0.000000
 4626.534067    0.000000
 4628.201887    0.000000
 4629.869708    0.000000
 4631.537528    0.000000
 4633.205349    0.000000
 4634.873169    0.000000
 4636.540990    0.000000
 4638.208811    0.000000
 4639.876631    0.000000
 4641.544451    0.000000
 4643.212272    0.000000
 4644.880092    0.000000
 4646.547913    0.000000
 4648.215733    0.000000
 4649.883554    0.000000
 4651.551374    0.000000
 4653.219195    0.000000
 4654.887015    0.000000
 4656.554836    0.000000
 4658.222657    0.000000
 4659.890477    0.000000
 4661.558297    0.000000
 4663.226118    0.000000
 4664.893938    0.000000
 4666.561759    0.000000
 4668.229579    0.000000
 4669.897400    0.000000
 4671.565220    0.000000
 4673.233041    0.000000
 4674.900861    0.000000
 4676.568682    0.000000
 4678.236502    0.000000
 4679.904323    0.000000
 4681.572143    0.000000
 4683.239964    0.000000
 4684.907784    0.000000
 4686.575605    0.000000
 4688.243425    0.000000
 4689.911246    0.000000
 4691.579066    0.000000
 4693.246887    0.000000
 4694.914707    0.000000
 4696.582528    0.000000
 4698.250348    0.000000
 4699.918169    0.000000
 4701.585989    0.000000
 4703.253810    0.000000
 4704.921630    0.000000
 4706.589451    0.000000
 4708.257271    0.000000
 4709.925092    0.000000
 4711.592912    0.000000
 4713.260733    0.000000
 4714.928553    0.000000
 4716.596374    0.000000
 4718.264194    0.000000
 4719.932015    0.000000
 4721.599836    0.000000
 4723.267656    0.000000
 4724.935476    0.000000
 4726.603297    0.000000
 4728.271117    0.000000
 4729.938938    0.000000
 4731.606758    0.000000
 4733.274579    0.000000
 4734.942399    0.000000
 4736.610220    0.000000
 4738.278041    0.000000
 4739.945861    0.000000
 4741.613681    0.000000
 4743.281502    0.000000
 4744.949322    0.000000
 4746.617143    0.000000
 4748.284963    0.000000
 4749.952784    0.000000
 4751.620604    0.000000
 4753.288425    0.000000
 4754.956245    0.000000
 4756.624066    0.000000
 4758.291887    0.000000
 4759.959707    0.000000
 4761.627527    0.000000
 4763.295348    0.000000
 4764.963168    0.000000
 4766.630989    0.000000
 4768.298809    0.000000
 4769.966630    0.000000
 4771.634450    0.000000
 4773.302271    0.000000
 4774.970091    0.000000
 4776.637912    0.000000
 4778.305732    0.000000
 4779.973553    0.000000
 4781.641373    0.000000
 4783.309194    0.000000
 4784.977014    0.000000
 4786.644835    0.000000
 4788.312655    0.000000
 4789.980476    0.000000
 4791.648296    0.000000
 4793.316117    0.000000
 4794.983937    0.000000
 4796.651758    0.000000
 4798.319578    0.000000
 4799.987399    0.000000
 4801.655219    0.000000
 4803.323040    0.000000
 4804.990861    0.000000
 4806.658681    0.000000
 4808.326501    0.000000
 4809.994322    0.000000
 4811.662142    0.000000
 4813.329963    0.000000
 4814.997783    0.000000
 4816.665604    0.000000
 4818.333424    0.000000
 4820.001245    0.000000
 4821.669066    0.000000
 4823.336886    0.000000
 4825.004706    0.000000
 4826.672527    0.000000
 4828.340347    0.000000
 4830.008168    0.000000
 4831.675988    0.000000
 4833.343809    0.000000
 4835.011629    0.000000
 4836.679450    0.000000
 4838.347270    0.000000
 4840.015091    0.000000
 4841.682912    0.000000
 4843.350732    0.000000
 4845.018552    0.000000
 4846.686373    0.000000
 4848.354193    0.000000
 4850.022014    0.000000
 4851.689834    0.000000
 4853.357655    0.000000
 4855.025475    0.000000
 4856.693296    0.000000
 4858.361116    0.000000
 4860.028937    0.000000
 4861.696757    0.000000
 4863.364578    0.000000
 4865.032398    0.000000
 4866.700219    0.000000
 4868.368039    0.000000
 4870.035860    0.000000
 4871.703680    0.000000
 4873.371501    0.000000
 4875.039321    0.000000
 4876.707142    0.000000
 4878.374962    0.000000
 4880.042783    0.000000
 4881.710603    0.000000
 4883.378424    0.000000
 4885.046244    0.000000
 4886.714065    0.000000
 4888.381885    0.000000
 4890.049706    0.000000
 4891.717526    0.000000
 4893.385347    0.000000
 4895.053167    0.000000
 4896.720988    0.000000
 4898.388808    0.000000
 4900.056629    0.000000
 4901.724449    0.000000
 4903.392270    0.000000
 4905.060091    0.000000
 4906.727911    0.000000
 4908.395731    0.000000
 4910.063552    0.000000
 4911.731372    0.000000
 4913.399193    0.000000
 4915.067013    0.000000
 4916.734834    0.000000
 4918.402654    0.000000
 4920.070475    0.000000
 4921.738296    0.000000
 4923.406116    0.000000
 4925.073936    0.000000
 4926.741757    0.000000
 4928.409577    0.000000
 4930.077398    0.000000
 4931.745218    0.000000
 4933.413039    0.000000
 4935.080859    0.000000
 4936.748680    0.000000
 4938.416500    0.000000
 4940.084321    0.000000
 4941.752142    0.000000
 4943.419962    0.000000
 4945.087782    0.000000
 4946.755603    0.000000
 4948.423423    0.000000
 4950.091244    0.000000
 4951.759064    0.000000
 4953.426885    0.000000
 4955.094705    0.000000
 4956.762526    0.000000
 4958.430346    0.000000
 4960.098167    0.000000
 4961.765987    0.000000
 4963.433808    0.000000
 4965.101628    0.000000
 4966.769449    0.000000
 4968.437269    0.000000
 4970.105090    0.000000
 4971.772910    0.000000
 4973.440731    0.000000
 4975.108551    0.000000
 4976.776372    0.000000
 4978.444192    0.000000
 4980.112013    0.000000
 4981.779833    0.000000
 4983.447654    0.000000
 4985.115474    0.000000
 4986.783295    0.000000
 4988.451116    0.000000
 4990.118936    0.000000
 4991.786756    0.000000
 4993.454577    0.000000
 4995.122397    0.000000
 4996.790218    0.000000
 4998.458038    0.000000
 5000.125859    0.000000
