    0.000000 1456.618351
    1.667820 1398.990463
    3.335641 1255.122781
    5.003461 1163.117112
    6.671282 1036.064686
    8.339102  922.380506
   10.006923  807.052597
   11.674743  729.519528
   13.342564  692.881884
   15.010384  646.468226
   16.678205  570.185623
   18.346025  530.507205
   20.013846  522.561517
   21.681666  467.817309
   23.349487  438.922769
   25.017307  398.455251
   26.685128  389.568437
   28.352948  343.198023
   30.020769  345.834858
   31.688589  322.846669
   33.356410  304.292993
   35.024231  292.288804
   36.692051  269.895340
   38.359871  258.517939
   40.027692  242.728293
   41.695512  228.094146
   43.363333  222.131245
   45.031154  207.946794
   46.698974  205.033344
   48.366794  199.212613
   50.034615  180.516681
   51.702435  180.462003
   53.370256  168.550802
   55.038076  156.758171
   56.705897  158.654456
   58.373717  156.581426
   60.041538  141.648821
   61.709359  138.707178
   63.377179  133.090653
   65.044999  126.589714
   66.712820  120.510536
   68.380640  115.378951
   70.048461  108.616512
   71.716281  102.362838
   73.384102  104.876477
   75.051922   96.583783
   76.719743   95.713909
   78.387563   88.631907
   80.055384   89.600481
   81.723204   84.408943
   83.391025   83.766001
   85.058845   76.688916
   86.726666   76.683083
   88.394486   71.915914
   90.062307   70.298435
   91.730127   68.866250
   93.397948   66.195042
   95.065768   62.469432
   96.733589   60.375876
   98.401409   57.128726
  100.069230   55.935059
  101.737050   52.951645
  103.404871   51.336814
  105.072691   49.605648
  106.740512   45.292165
  108.408332   45.154861
  110.076153   44.387336
  111.743973   42.995944
  113.411794   41.732302
  115.079614   39.339691
  116.747435   37.460162
  118.415255   36.603603
  120.083076   34.805047
  121.750896   35.817736
  123.418717   33.470702
  125.086537   33.239899
  126.754358   31.089190
  128.422179   29.984345
  130.089999   29.222155
  131.757819   28.359418
  133.425640   27.251024
  135.093460   27.263740
  136.761281   26.259029
  138.429102   25.990579
  140.096922   25.256923
  141.764742   24.011979
  143.432563   24.199574
  145.100383   23.500732
  146.768204   23.009130
  148.436025   22.250613
  150.103845   22.705926
  151.771665   21.016207
  153.439486   20.951875
  155.107306   21.014966
  156.775127   20.367514
  158.442947   19.959511
  160.110768   20.131814
  161.778588   19.987044
  163.446409   19.237981
  165.114229   19.304441
  166.782050   19.274541
  168.449870   18.618717
  170.117691   18.709304
  171.785511   18.430039
  173.453332   18.454369
  175.121152   17.967389
  176.788973   17.501049
  178.456793   17.635002
  180.124614   17.573715
  181.792434   17.878793
  183.460255   17.586611
  185.128075   17.479857
  186.795896   17.699437
  188.463717   18.089374
  190.131537   17.946098
  191.799357   17.850714
  193.467178   18.154628
  195.134998   18.014461
  196.802819   18.980117
  198.470639   18.567795
  200.138460   19.198790
  201.806280   18.673247
  203.474101   19.183841
  205.141921   19.523352
  206.809742   19.939596
  208.477562   19.809675
  210.145383   21.009095
  211.813203   20.637635
  213.481024   21.594844
  215.148844   21.874298
  216.816665   22.399911
  218.484485   22.676732
  220.152306   23.128700
  221.820126   23.970883
  223.487947   23.582107
  225.155767   24.252558
  226.823588   25.058457
  228.491408   24.664783
  230.159229   27.151844
  231.827049   27.143725
  233.494870   27.181039
  235.162690   27.377921
  236.830511   28.876100
  238.498331   30.388968
  240.166152   29.588868
  241.833972   30.259793
  243.501793   30.961916
  245.169613   32.529947
  246.837434   32.043243
  248.505254   32.412580
  250.173075   32.913903
  251.840895   33.075556
  253.508716   34.859859
  255.176536   35.009055
  256.844357   35.484159
  258.512177   35.109983
  260.179998   36.368523
  261.847818   36.955786
  263.515639   40.442865
  265.183459   40.440634
  266.851280   39.289511
  268.519100   43.047940
  270.186921   41.649137
  271.854741   42.390068
  273.522562   44.109408
  275.190382   43.106209
  276.858203   44.231333
  278.526023   42.453142
  280.193844   42.814725
  281.861664   46.617120
  283.529485   46.317799
  285.197305   45.068487
  286.865126   47.425934
  288.532946   44.924197
  290.200767   47.160625
  291.868587   45.743823
  293.536408   46.951149
  295.204228   45.668002
  296.872049   48.458680
  298.539869   45.987410
  300.207690   43.642665
  301.875511   46.268134
  303.543331   43.319550
  305.211151   44.808323
  306.878972   45.216527
  308.546792   41.514629
  310.214613   40.112503
  311.882433   41.506518
  313.550254   39.315946
  315.218074   37.671163
  316.885895   36.371412
  318.553716   36.288500
  320.221536   34.046780
  321.889356   33.338839
  323.557177   31.635457
  325.224997   30.133970
  326.892818   29.776844
  328.560638   27.631553
  330.228459   26.255158
  331.896279   23.915175
  333.564100   22.989284
  335.231921   23.386915
  336.899741   22.684502
  338.567561   19.704436
  340.235382   19.206311
  341.903202   18.902709
  343.571023   18.285893
  345.238843   17.271745
  346.906664   15.529002
  348.574484   15.925316
  350.242305   13.387641
  351.910125   13.059495
  353.577946   12.553809
  355.245767   12.270767
  356.913587   11.590122
  358.581407   11.210053
  360.249228   10.561907
  361.917048   10.359889
  363.584869    9.505814
  365.252689    8.712406
  366.920510    8.277369
  368.588330    8.452205
  370.256151    7.707634
  371.923971    7.536964
  373.591792    6.671955
  375.259612    6.652635
  376.927433    6.323376
  378.595253    6.068548
  380.263074    5.786035
  381.930894    5.372896
  383.598715    5.233895
  385.266535    5.062654
  386.934356    4.829376
  388.602176    4.473621
  390.269997    4.300776
  391.937817    4.125084
  393.605638    3.963050
  395.273458    3.891888
  396.941279    3.685728
  398.609099    3.510406
  400.276920    3.336711
  401.944740    3.161550
  403.612561    3.027988
  405.280381    2.877328
  406.948202    2.882418
  408.616022    2.744526
  410.283843    2.555948
  411.951663    2.549346
  413.619484    2.480556
  415.287304    2.419625
  416.955125    2.442601
  418.622945    2.241240
  420.290766    2.252577
  421.958586    2.161833
  423.626407    2.138844
  425.294227    2.089353
  426.962048    1.986176
  428.629868    1.982469
  430.297689    1.937831
  431.965509    1.936834
  433.633330    1.866532
  435.301151    1.827441
  436.968971    1.740325
  438.636791    1.815330
  440.304612    1.742929
  441.972432    1.684749
  443.640253    1.633960
  445.308073    1.641295
  446.975894    1.611651
  448.643714    1.611130
  450.311535    1.590847
  451.979355    1.565602
  453.647176    1.546092
  455.314996    1.577532
  456.982817    1.541383
  458.650637    1.506772
  460.318458    1.474655
  461.986278    1.485873
  463.654099    1.485589
  465.321919    1.460051
  466.989740    1.489345
  468.657560    1.446655
  470.325381    1.466708
  471.993201    1.456268
  473.661022    1.467035
  475.328842    1.464331
  476.996663    1.509130
  478.664483    1.479084
  480.332304    1.459289
  482.000124    1.444868
  483.667945    1.455918
  485.335765    1.465624
  487.003586    1.497485
  488.671406    1.501253
  490.339227    1.533607
  492.007047    1.475919
  493.674868    1.499254
  495.342688    1.488520
  497.010509    1.490075
  498.678329    1.463878
  500.346150    1.483754
  502.013970    1.480690
  503.681791    1.491455
  505.349611    1.522041
  507.017432    1.494998
  508.685252    1.508710
  510.353073    1.494371
  512.020893    1.495136
  513.688714    1.515708
  515.356534    1.442207
  517.024355    1.478245
  518.692175    1.454802
  520.359996    1.436977
  522.027816    1.454438
  523.695637    1.411111
  525.363457    1.390154
  527.031278    1.397214
  528.699098    1.408610
  530.366919    1.325304
  532.034739    1.363196
  533.702560    1.324417
  535.370381    1.331713
  537.038201    1.316825
  538.706021    1.298641
  540.373842    1.289070
  542.041662    1.247201
  543.709483    1.256077
  545.377304    1.200572
  547.045124    1.214601
  548.712944    1.207018
  550.380765    1.171175
  552.048585    1.210364
  553.716406    1.157168
  555.384226    1.154710
  557.052047    1.123696
  558.719867    1.118552
  560.387688    1.095490
  562.055508    1.076563
  563.723329    1.089581
  565.391149    1.081076
  567.058970    1.068556
  568.726790    1.075103
  570.394611    1.051252
  572.062431    1.009103
  573.730252    1.005914
  575.398072    1.022283
  577.065893    0.991709
  578.733714    0.972294
  580.401534    0.979057
  582.069354    0.962591
  583.737175    0.960226
  585.404995    0.967976
  587.072816    0.960328
  588.740636    0.949862
  590.408457    0.951442
  592.076277    0.915886
  593.744098    0.922968
  595.411918    0.908949
  597.079739    0.925985
  598.747559    0.891337
  600.415380    0.914051
  602.083200    0.906240
  603.751021    0.924795
  605.418841    0.909511
  607.086662    0.893250
  608.754482    0.900144
  610.422303    0.891563
  612.090124    0.878307
  613.757944    0.911368
  615.425764    0.874865
  617.093585    0.861032
  618.761405    0.832829
  620.429226    0.848094
  622.097046    0.840509
  623.764867    0.821358
  625.432687    0.814751
  627.100508    0.819887
  628.768328    0.806850
  630.436149    0.782833
  632.103969    0.775828
  633.771790    0.763124
  635.439610    0.736586
  637.107431    0.733360
  638.775251    0.769836
  640.443072    0.732502
  642.110892    0.747271
  643.778713    0.739620
  645.446533    0.756241
  647.114354    0.747550
  648.782174    0.736157
  650.449995    0.746457
  652.117816    0.738732
  653.785636    0.749714
  655.453456    0.744913
  657.121277    0.773226
  658.789097    0.752959
  660.456918    0.738641
  662.124739    0.785635
  663.792559    0.754726
  665.460379    0.783172
  667.128200    0.808036
  668.796020    0.805794
  670.463841    0.818574
  672.131661    0.839557
  673.799482    0.819362
  675.467302    0.877360
  677.135123    0.896021
  678.802943    0.934220
  680.470764    0.948669
  682.138584    0.969154
  683.806405    0.964580
  685.474225    0.986868
  687.142046    1.000795
  688.809866    1.057626
  690.477687    1.032355
  692.145507    1.074289
  693.813328    1.115802
  695.481149    1.103896
  697.148969    1.116190
  698.816789    1.108490
  700.484610    1.196127
  702.152430    1.208933
  703.820251    1.235666
  705.488071    1.270869
  707.155892    1.327561
  708.823712    1.340994
  710.491533    1.335470
  712.159353    1.419254
  713.827174    1.414493
  715.494994    1.506531
  717.162815    1.523810
  718.830635    1.619417
  720.498456    1.610927
  722.166276    1.645412
  723.834097    1.784552
  725.501917    1.740981
  727.169738    1.826776
  728.837559    1.945094
  730.505379    1.943219
  732.173199    2.066727
  733.841020    2.148819
  735.508840    2.318760
  737.176661    2.419568
  738.844481    2.466371
  740.512302    2.653286
  742.180122    2.768442
  743.847943    2.916792
  745.515763    3.016032
  747.183584    3.306353
  748.851404    3.518338
  750.519225    3.950311
  752.187045    4.075962
  753.854866    4.443420
  755.522686    4.783330
  757.190507    5.005324
  758.858327    5.253024
  760.526148    5.750079
  762.193968    6.539407
  763.861789    7.184763
  765.529609    8.060385
  767.197430    8.163123
  768.865251    9.024767
  770.533071   10.268058
  772.200891   11.151368
  773.868712   12.236464
  775.536532   13.423053
  777.204353   14.420906
  778.872173   15.316348
  780.539994   16.555475
  782.207814   19.193287
  783.875635   20.961284
  785.543455   22.740195
  787.211276   25.186427
  788.879096   26.237135
  790.546917   29.955597
  792.214737   32.299055
  793.882558   35.827648
  795.550378   39.299968
  797.218199   41.831450
  798.886019   44.888350
  800.553840   49.490390
  802.221660   54.845047
  803.889481   61.051357
  805.557301   65.221073
  807.225122   73.921548
  808.892942   79.032053
  810.560763   88.153834
  812.228584   94.299798
  813.896404  100.278288
  815.564224  106.794270
  817.232045  112.493716
  818.899865  115.596503
  820.567686  128.271502
  822.235506  141.079586
  823.903327  144.783708
  825.571147  158.637211
  827.238968  158.101163
  828.906788  167.556206
  830.574609  167.198428
  832.242429  173.141873
  833.910250  175.979919
  835.578070  180.361172
  837.245891  193.768718
  838.913711  182.953649
  840.581532  184.688306
  842.249352  193.767199
  843.917173  200.077820
  845.584993  199.111634
  847.252814  197.894349
  848.920634  198.980103
  850.588455  196.954275
  852.256275  191.780697
  853.924096  201.492724
  855.591916  189.519958
  857.259737  190.653073
  858.927557  174.648427
  860.595378  167.465895
  862.263198  167.282992
  863.931019  163.845446
  865.598839  159.825477
  867.266660  153.910374
  868.934480  146.892858
  870.602301  149.136830
  872.270121  136.495382
  873.937942  133.635363
  875.605762  124.661642
  877.273583  120.407944
  878.941403  110.135032
  880.609224  103.435415
  882.277044   95.462264
  883.944865   81.838840
  885.612685   80.869375
  887.280506   69.153163
  888.948326   73.204236
  890.616147   61.845897
  892.283967   59.636198
  893.951788   56.019117
  895.619608   48.993652
  897.287429   44.973990
  898.955249   42.021309
  900.623070   36.374371
  902.290890   35.242570
  903.958711   32.224347
  905.626531   30.631394
  907.294352   27.276946
  908.962172   25.687154
  910.629993   24.949962
  912.297813   23.406602
  913.965634   21.202588
  915.633454   21.143875
  917.301275   20.396804
  918.969095   20.272757
  920.636916   20.659459
  922.304736   21.112907
  923.972557   20.401455
  925.640377   21.522079
  927.308198   21.124795
  928.976019   22.438572
  930.643839   24.478315
  932.311659   24.310278
  933.979480   24.874351
  935.647300   26.815102
  937.315121   28.117073
  938.982941   29.624321
  940.650762   30.439864
  942.318582   34.374326
  943.986403   36.757497
  945.654223   38.787182
  947.322044   43.938442
  948.989864   45.813264
  950.657685   48.867473
  952.325505   54.459896
  953.993326   56.985276
  955.661146   62.572957
  957.328967   69.028537
  958.996787   73.594854
  960.664608   77.439038
  962.332428   90.539247
  964.000249   97.025301
  965.668069  101.139221
  967.335890  108.898693
  969.003710  113.771608
  970.671531  118.535177
  972.339351  128.081462
  974.007172  143.868202
  975.674992  148.227574
  977.342813  154.062130
  979.010633  158.440844
  980.678454  163.917213
  982.346274  161.157235
  984.014095  176.433639
  985.681915  178.774116
  987.349736  175.439145
  989.017556  176.436102
  990.685377  174.406076
  992.353197  178.711078
  994.021018  171.584363
  995.688838  168.747134
  997.356659  161.157522
  999.024479  145.119134
 1000.692300  140.910795
 1002.360120  138.160949
 1004.027941  128.357503
 1005.695761  112.750003
 1007.363582  109.892022
 1009.031402  100.436627
 1010.699223   96.717070
 1012.367043   90.718231
 1014.034864   83.108429
 1015.702684   74.776175
 1017.370505   65.555741
 1019.038325   60.211352
 1020.706146   58.463704
 1022.373966   54.444741
 1024.041787   48.589052
 1025.709607   44.323108
 1027.377428   41.162346
 1029.045248   37.385908
 1030.713069   34.450211
 1032.380889   33.133081
 1034.048710   27.733128
 1035.716530   27.769552
 1037.384351   24.592970
 1039.052171   22.762521
 1040.719992   21.421616
 1042.387812   18.797449
 1044.055633   18.061689
 1045.723454   15.494551
 1047.391274   14.853124
 1049.059094   13.722858
 1050.726915   12.242640
 1052.394736   11.140725
 1054.062556   10.447548
 1055.730376    9.738510
 1057.398197    9.095653
 1059.066017    8.202919
 1060.733838    7.368573
 1062.401658    7.468365
 1064.069479    6.710730
 1065.737299    6.378901
 1067.405120    5.659144
 1069.072940    5.710546
 1070.740761    5.255128
 1072.408581    4.922245
 1074.076402    4.714323
 1075.744222    4.434267
 1077.412043    4.358232
 1079.079863    3.978033
 1080.747684    3.697076
 1082.415504    3.713060
 1084.083325    3.425828
 1085.751145    3.430882
 1087.418966    3.213199
 1089.086786    3.190461
 1090.754607    3.053335
 1092.422427    2.906582
 1094.090248    2.744984
 1095.758069    2.913411
 1097.425889    2.773506
 1099.093709    2.559015
 1100.761530    2.496440
 1102.429350    2.567041
 1104.097171    2.401157
 1105.764991    2.394035
 1107.432812    2.302549
 1109.100632    2.127716
 1110.768453    2.184835
 1112.436273    2.149701
 1114.104094    2.204965
 1115.771915    2.080306
 1117.439735    2.058643
 1119.107555    2.089700
 1120.775376    1.933282
 1122.443196    1.960111
 1124.111017    1.911596
 1125.778837    1.859775
 1127.446658    1.791972
 1129.114478    1.866893
 1130.782299    1.838707
 1132.450120    1.843514
 1134.117940    1.805557
 1135.785760    1.810186
 1137.453581    1.808206
 1139.121401    1.738316
 1140.789222    1.716752
 1142.457042    1.685327
 1144.124863    1.677245
 1145.792683    1.687481
 1147.460504    1.659280
 1149.128324    1.617431
 1150.796145    1.633777
 1152.463965    1.578669
 1154.131786    1.603139
 1155.799606    1.570707
 1157.467427    1.571554
 1159.135247    1.571549
 1160.803068    1.515806
 1162.470889    1.578623
 1164.138709    1.514184
 1165.806529    1.554182
 1167.474350    1.608386
 1169.142170    1.580524
 1170.809991    1.598648
 1172.477811    1.575752
 1174.145632    1.685477
 1175.813452    1.618391
 1177.481273    1.601612
 1179.149093    1.626887
 1180.816914    1.697612
 1182.484735    1.758225
 1184.152555    1.730802
 1185.820375    1.753277
 1187.488196    1.826956
 1189.156016    1.865333
 1190.823837    1.840051
 1192.491657    1.918462
 1194.159478    1.944905
 1195.827298    2.020803
 1197.495119    2.179620
 1199.162939    2.146848
 1200.830760    2.167743
 1202.498580    2.248369
 1204.166401    2.458327
 1205.834221    2.478384
 1207.502042    2.577146
 1209.169862    2.634750
 1210.837683    2.812575
 1212.505504    3.066331
 1214.173324    3.222203
 1215.841144    3.167437
 1217.508965    3.325460
 1219.176785    3.465281
 1220.844606    3.566394
 1222.512426    3.799541
 1224.180247    4.133055
 1225.848067    4.223722
 1227.515888    4.382171
 1229.183708    4.521153
 1230.851529    4.781492
 1232.519350    5.089705
 1234.187170    5.095867
 1235.854990    5.148220
 1237.522811    5.909702
 1239.190631    6.206219
 1240.858452    6.588408
 1242.526272    6.781841
 1244.194093    7.190137
 1245.861913    7.803312
 1247.529734    8.212554
 1249.197555    8.688268
 1250.865375    9.054080
 1252.533195    9.455460
 1254.201016   10.597848
 1255.868836   10.812640
 1257.536657   11.618235
 1259.204477   12.190421
 1260.872298   12.903412
 1262.540118   14.036004
 1264.207939   15.146403
 1265.875759   16.101333
 1267.543580   17.338230
 1269.211400   18.642154
 1270.879221   19.529344
 1272.547041   22.024472
 1274.214862   22.802124
 1275.882682   23.938208
 1277.550503   26.713643
 1279.218323   28.202892
 1280.886144   31.026325
 1282.553964   31.944664
 1284.221785   34.358291
 1285.889605   37.315204
 1287.557426   39.737009
 1289.225246   42.980151
 1290.893067   45.676137
 1292.560887   50.226130
 1294.228708   53.007968
 1295.896528   58.979781
 1297.564349   64.494478
 1299.232170   66.348316
 1300.899990   73.235109
 1302.567810   79.357623
 1304.235631   82.805390
 1305.903451   92.682337
 1307.571272  102.392137
 1309.239092  104.339431
 1310.906913  114.888426
 1312.574733  123.919639
 1314.242554  138.280551
 1315.910374  143.896290
 1317.578195  149.191115
 1319.246015  161.500524
 1320.913836  177.402632
 1322.581656  192.356098
 1324.249477  202.241574
 1325.917297  213.627985
 1327.585118  228.444712
 1329.252939  248.604594
 1330.920759  264.098222
 1332.588579  260.947816
 1334.256400  277.309024
 1335.924220  298.467758
 1337.592041  308.923932
 1339.259861  317.661604
 1340.927682  319.225962
 1342.595502  338.815637
 1344.263323  333.249395
 1345.931143  336.003678
 1347.598964  333.503877
 1349.266784  317.001409
 1350.934605  309.536512
 1352.602425  303.862652
 1354.270246  292.354339
 1355.938066  289.940189
 1357.605887  272.736842
 1359.273707  255.940522
 1360.941528  239.071181
 1362.609348  229.419492
 1364.277169  219.296010
 1365.944990  200.622953
 1367.612810  186.003621
 1369.280630  167.399174
 1370.948451  159.533858
 1372.616271  146.255542
 1374.284092  134.488605
 1375.951912  126.057856
 1377.619733  118.039314
 1379.287553  110.084373
 1380.955374   98.555957
 1382.623194   91.785123
 1384.291015   89.181940
 1385.958835   81.247824
 1387.626656   74.259938
 1389.294476   70.601925
 1390.962297   66.045581
 1392.630117   60.658865
 1394.297938   57.775732
 1395.965758   52.238897
 1397.633579   50.217735
 1399.301399   48.719344
 1400.969220   45.983503
 1402.637040   42.839399
 1404.304861   42.809366
 1405.972681   40.686471
 1407.640502   39.026052
 1409.308322   38.776253
 1410.976143   40.837842
 1412.643963   39.777879
 1414.311784   39.914511
 1415.979605   42.003763
 1417.647425   40.833256
 1419.315245   41.267803
 1420.983066   46.060931
 1422.650886   48.093004
 1424.318707   47.531538
 1425.986527   50.601729
 1427.654348   55.406092
 1429.322168   52.931680
 1430.989989   59.306474
 1432.657809   57.443543
 1434.325630   59.901019
 1435.993450   63.005083
 1437.661271   63.369367
 1439.329091   62.760595
 1440.996912   73.494071
 1442.664732   71.374189
 1444.332553   78.812734
 1446.000373   79.239893
 1447.668194   73.848096
 1449.336014   67.389834
 1451.003835   71.249370
 1452.671655   71.000253
 1454.339476   68.694285
 1456.007296   66.284351
 1457.675117   65.385075
 1459.342937   62.526958
 1461.010758   56.809639
 1462.678578   55.661336
 1464.346399   58.446361
 1466.014219   52.807193
 1467.682040   49.069810
 1469.349860   44.723692
 1471.017681   42.737095
 1472.685501   37.596657
 1474.353322   35.870244
 1476.021142   32.907433
 1477.688963   30.455145
 1479.356783   28.288735
 1481.024604   24.825794
 1482.692425   21.301400
 1484.360245   19.633398
 1486.028065   18.148294
 1487.695886   15.904065
 1489.363706   15.832718
 1491.031527   14.645147
 1492.699347   13.426188
 1494.367168   11.464374
 1496.034988   10.939134
 1497.702809    9.964683
 1499.370629    9.698726
 1501.038450    8.494912
 1502.706270    7.815024
 1504.374091    7.329940
 1506.041911    6.353206
 1507.709732    5.863212
 1509.377552    5.526309
 1511.045373    4.833430
 1512.713193    4.500727
 1514.381014    4.225570
 1516.048834    4.015444
 1517.716655    3.581637
 1519.384475    3.441323
 1521.052296    3.169365
 1522.720116    2.857174
 1524.387937    2.783916
 1526.055757    2.655006
 1527.723578    2.512242
 1529.391398    2.342684
 1531.059219    2.206584
 1532.727040    2.129957
 1534.394860    2.017821
 1536.062680    1.860042
 1537.730501    1.860041
 1539.398321    1.762241
 1541.066142    1.667064
 1542.733962    1.637599
 1544.401783    1.581002
 1546.069603    1.497136
 1547.737424    1.478280
 1549.405244    1.455908
 1551.073065    1.425537
 1552.740885    1.421587
 1554.408706    1.363810
 1556.076526    1.295921
 1557.744347    1.274424
 1559.412167    1.257469
 1561.079988    1.298248
 1562.747808    1.268256
 1564.415629    1.195972
 1566.083449    1.238816
 1567.751270    1.205333
 1569.419090    1.181983
 1571.086911    1.178447
 1572.754731    1.173032
 1574.422552    1.150463
 1576.090372    1.140220
 1577.758193    1.133291
 1579.426013    1.147969
 1581.093834    1.103697
 1582.761654    1.149894
 1584.429475    1.118724
 1586.097295    1.109643
 1587.765116    1.103498
 1589.432936    1.145768
 1591.100757    1.151746
 1592.768577    1.135165
 1594.436398    1.128265
 1596.104218    1.144440
 1597.772039    1.150259
 1599.439860    1.140313
 1601.107680    1.211175
 1602.775500    1.157101
 1604.443321    1.207495
 1606.111141    1.141412
 1607.778962    1.152013
 1609.446782    1.183102
 1611.114603    1.186053
 1612.782423    1.205564
 1614.450244    1.187488
 1616.118064    1.182822
 1617.785885    1.214160
 1619.453705    1.224396
 1621.121526    1.202476
 1622.789346    1.264637
 1624.457167    1.264107
 1626.124987    1.275281
 1627.792808    1.284429
 1629.460628    1.294316
 1631.128449    1.277480
 1632.796269    1.345771
 1634.464090    1.286177
 1636.131910    1.308924
 1637.799731    1.328315
 1639.467551    1.283345
 1641.135372    1.313437
 1642.803192    1.377286
 1644.471013    1.351227
 1646.138833    1.439998
 1647.806654    1.388915
 1649.474475    1.398777
 1651.142295    1.429522
 1652.810115    1.425439
 1654.477936    1.443936
 1656.145756    1.474232
 1657.813577    1.497060
 1659.481397    1.505621
 1661.149218    1.496936
 1662.817038    1.466642
 1664.484859    1.463346
 1666.152679    1.535819
 1667.820500    1.458834
 1669.488320    1.494643
 1671.156141    1.421959
 1672.823961    1.444096
 1674.491782    1.396092
 1676.159602    1.384595
 1677.827423    1.345027
 1679.495243    1.338947
 1681.163064    1.317347
 1682.830884    1.268444
 1684.498705    1.292449
 1686.166525    1.195631
 1687.834346    1.174618
 1689.502166    1.138555
 1691.169987    1.145299
 1692.837807    1.081384
 1694.505628    1.056125
 1696.173448    1.039629
 1697.841269    0.987837
 1699.509089    0.981303
 1701.176910    0.886837
 1702.844730    0.864920
 1704.512551    0.876784
 1706.180371    0.801824
 1707.848192    0.795312
 1709.516012    0.761670
 1711.183833    0.740288
 1712.851653    0.747714
 1714.519474    0.737620
 1716.187295    0.717941
 1717.855115    0.710805
 1719.522935    0.671827
 1721.190756    0.652100
 1722.858576    0.646287
 1724.526397    0.659860
 1726.194217    0.638767
 1727.862038    0.612116
 1729.529858    0.607522
 1731.197679    0.596279
 1732.865499    0.571578
 1734.533320    0.567371
 1736.201140    0.557459
 1737.868961    0.547070
 1739.536781    0.541341
 1741.204602    0.531491
 1742.872422    0.521750
 1744.540243    0.527392
 1746.208063    0.517360
 1747.875884    0.514317
 1749.543704    0.515181
 1751.211525    0.517088
 1752.879345    0.500758
 1754.547166    0.498599
 1756.214986    0.507839
 1757.882807    0.521835
 1759.550627    0.513766
 1761.218448    0.518155
 1762.886268    0.506876
 1764.554089    0.521007
 1766.221910    0.517454
 1767.889730    0.511749
 1769.557550    0.527206
 1771.225371    0.520182
 1772.893191    0.526904
 1774.561012    0.519429
 1776.228832    0.522753
 1777.896653    0.545741
 1779.564473    0.534004
 1781.232294    0.527006
 1782.900114    0.524526
 1784.567935    0.551620
 1786.235755    0.559869
 1787.903576    0.559466
 1789.571396    0.576911
 1791.239217    0.581139
 1792.907037    0.590015
 1794.574858    0.622852
 1796.242678    0.608773
 1797.910499    0.629867
 1799.578319    0.636030
 1801.246140    0.660042
 1802.913960    0.673266
 1804.581781    0.665790
 1806.249601    0.715940
 1807.917422    0.686578
 1809.585242    0.702972
 1811.253063    0.714409
 1812.920883    0.737586
 1814.588704    0.717764
 1816.256524    0.754983
 1817.924345    0.756291
 1819.592165    0.774385
 1821.259986    0.730484
 1822.927806    0.758048
 1824.595627    0.731763
 1826.263447    0.738800
 1827.931268    0.745522
 1829.599088    0.736505
 1831.266909    0.721964
 1832.934730    0.700118
 1834.602550    0.682067
 1836.270370    0.671365
 1837.938191    0.687026
 1839.606011    0.641983
 1841.273832    0.634531
 1842.941652    0.600929
 1844.609473    0.611547
 1846.277293    0.578425
 1847.945114    0.562919
 1849.612934    0.563681
 1851.280755    0.524208
 1852.948575    0.543953
 1854.616396    0.536602
 1856.284216    0.507704
 1857.952037    0.493048
 1859.619857    0.500664
 1861.287678    0.475228
 1862.955498    0.480964
 1864.623319    0.463072
 1866.291139    0.456234
 1867.958960    0.476356
 1869.626780    0.452531
 1871.294601    0.450806
 1872.962421    0.433907
 1874.630242    0.440041
 1876.298062    0.439009
 1877.965883    0.426192
 1879.633703    0.405063
 1881.301524    0.405699
 1882.969344    0.412678
 1884.637165    0.403014
 1886.304985    0.401433
 1887.972806    0.395340
 1889.640626    0.389739
 1891.308447    0.388640
 1892.976267    0.386757
 1894.644088    0.391359
 1896.311908    0.395944
 1897.979729    0.388474
 1899.647549    0.380616
 1901.315370    0.383265
 1902.983190    0.376083
 1904.651011    0.379536
 1906.318831    0.378743
 1907.986652    0.367713
 1909.654472    0.371109
 1911.322293    0.369862
 1912.990113    0.369351
 1914.657934    0.371812
 1916.325754    0.368269
 1917.993575    0.357333
 1919.661395    0.365803
 1921.329216    0.374603
 1922.997036    0.366033
 1924.664857    0.377855
 1926.332677    0.359468
 1928.000498    0.375093
 1929.668318    0.375893
 1931.336139    0.391621
 1933.003959    0.375566
 1934.671780    0.380241
 1936.339600    0.375976
 1938.007421    0.388831
 1939.675241    0.393348
 1941.343062    0.373345
 1943.010882    0.393644
 1944.678703    0.383788
 1946.346523    0.393134
 1948.014344    0.390229
 1949.682164    0.408515
 1951.349985    0.409669
 1953.017805    0.403814
 1954.685626    0.424080
 1956.353446    0.417001
 1958.021267    0.398862
 1959.689087    0.416230
 1961.356908    0.420538
 1963.024728    0.422003
 1964.692549    0.425901
 1966.360369    0.430632
 1968.028190    0.436237
 1969.696010    0.435658
 1971.363831    0.442081
 1973.031651    0.436152
 1974.699472    0.427315
 1976.367292    0.439935
 1978.035113    0.431285
 1979.702933    0.416759
 1981.370754    0.422359
 1983.038574    0.417652
 1984.706395    0.434863
 1986.374215    0.407081
 1988.042036    0.396854
 1989.709856    0.405046
 1991.377677    0.401034
 1993.045497    0.391216
 1994.713318    0.393241
 1996.381138    0.385985
 1998.048959    0.381607
 1999.716779    0.364248
 2001.384600    0.364896
 2003.052420    0.371201
 2004.720241    0.363808
 2006.388061    0.355464
 2008.055882    0.356757
 2009.723702    0.349107
 2011.391523    0.343521
 2013.059343    0.346178
 2014.727164    0.328079
 2016.394984    0.329308
 2018.062805    0.341608
 2019.730625    0.341230
 2021.398446    0.340332
 2023.066266    0.325155
 2024.734087    0.335041
 2026.401907    0.336577
 2028.069728    0.330137
 2029.737548    0.335780
 2031.405369    0.315120
 2033.073189    0.327108
 2034.741010    0.322189
 2036.408830    0.319402
 2038.076651    0.311184
 2039.744471    0.319131
 2041.412292    0.328352
 2043.080112    0.315031
 2044.747933    0.315394
 2046.415753    0.310727
 2048.083574    0.311727
 2049.751395    0.318028
 2051.419215    0.315038
 2053.087035    0.304169
 2054.754856    0.308966
 2056.422676    0.311595
 2058.090497    0.306269
 2059.758317    0.325103
 2061.426138    0.310352
 2063.093958    0.307732
 2064.761779    0.318614
 2066.429599    0.309730
 2068.097420    0.308522
 2069.765240    0.322852
 2071.433061    0.308011
 2073.100881    0.302559
 2074.768702    0.318994
 2076.436522    0.318174
 2078.104343    0.315115
 2079.772163    0.315937
 2081.439984    0.323851
 2083.107804    0.314393
 2084.775625    0.310394
 2086.443445    0.317774
 2088.111266    0.315482
 2089.779086    0.322931
 2091.446907    0.323257
 2093.114727    0.319160
 2094.782548    0.330617
 2096.450368    0.324212
 2098.118189    0.333569
 2099.786010    0.339989
 2101.453830    0.337443
 2103.121650    0.340496
 2104.789471    0.340196
 2106.457291    0.335368
 2108.125112    0.348239
 2109.792933    0.347210
 2111.460753    0.346200
 2113.128573    0.353569
 2114.796394    0.349151
 2116.464214    0.358510
 2118.132035    0.368983
 2119.799855    0.366481
 2121.467676    0.366579
 2123.135496    0.372231
 2124.803317    0.376518
 2126.471137    0.386238
 2128.138958    0.396442
 2129.806778    0.392987
 2131.474599    0.401287
 2133.142419    0.409128
 2134.810240    0.413723
 2136.478060    0.422772
 2138.145881    0.421524
 2139.813702    0.452301
 2141.481522    0.461915
 2143.149342    0.452412
 2144.817163    0.456270
 2146.484983    0.473473
 2148.152804    0.476175
 2149.820624    0.493320
 2151.488445    0.490404
 2153.156265    0.505771
 2154.824086    0.512376
 2156.491906    0.520716
 2158.159727    0.545017
 2159.827547    0.543470
 2161.495368    0.561085
 2163.163188    0.560789
 2164.831009    0.568232
 2166.498829    0.585547
 2168.166650    0.600235
 2169.834470    0.585896
 2171.502291    0.600440
 2173.170112    0.597714
 2174.837932    0.589558
 2176.505752    0.589530
 2178.173573    0.593816
 2179.841393    0.608739
 2181.509214    0.579362
 2183.177034    0.567035
 2184.844855    0.567022
 2186.512675    0.564511
 2188.180496    0.562070
 2189.848316    0.563554
 2191.516137    0.562361
 2193.183957    0.547173
 2194.851778    0.535183
 2196.519598    0.528668
 2198.187419    0.520415
 2199.855239    0.503157
 2201.523060    0.509878
 2203.190880    0.500557
 2204.858701    0.493921
 2206.526521    0.460477
 2208.194342    0.457048
 2209.862162    0.465875
 2211.529983    0.452489
 2213.197803    0.433026
 2214.865624    0.444063
 2216.533444    0.416286
 2218.201265    0.420046
 2219.869085    0.419994
 2221.536906    0.413037
 2223.204727    0.407545
 2224.872547    0.406790
 2226.540367    0.398399
 2228.208188    0.394569
 2229.876008    0.399745
 2231.543829    0.387630
 2233.211650    0.382988
 2234.879470    0.376230
 2236.547290    0.377765
 2238.215111    0.385621
 2239.882931    0.372646
 2241.550752    0.373347
 2243.218572    0.366178
 2244.886393    0.366227
 2246.554213    0.386341
 2248.222034    0.370633
 2249.889854    0.370301
 2251.557675    0.376651
 2253.225495    0.368540
 2254.893316    0.370192
 2256.561136    0.381201
 2258.228957    0.380508
 2259.896777    0.387484
 2261.564598    0.387028
 2263.232418    0.390787
 2264.900239    0.389227
 2266.568059    0.382981
 2268.235880    0.385157
 2269.903700    0.401203
 2271.571521    0.404661
 2273.239342    0.404457
 2274.907162    0.414908
 2276.574982    0.416021
 2278.242803    0.412261
 2279.910623    0.409824
 2281.578444    0.413683
 2283.246265    0.427424
 2284.914085    0.420227
 2286.581905    0.423001
 2288.249726    0.442415
 2289.917546    0.424744
 2291.585367    0.425235
 2293.253187    0.446676
 2294.921008    0.437821
 2296.588828    0.449653
 2298.256649    0.452311
 2299.924469    0.440527
 2301.592290    0.450507
 2303.260110    0.459641
 2304.927931    0.461037
 2306.595752    0.478666
 2308.263572    0.468601
 2309.931392    0.481319
 2311.599213    0.462386
 2313.267033    0.485350
 2314.934854    0.489064
 2316.602674    0.495136
 2318.270495    0.505686
 2319.938315    0.494731
 2321.606136    0.490305
 2323.273957    0.501111
 2324.941777    0.493399
 2326.609597    0.488647
 2328.277418    0.498857
 2329.945238    0.497668
 2331.613059    0.493291
 2333.280880    0.494241
 2334.948700    0.478219
 2336.616520    0.477210
 2338.284341    0.463205
 2339.952161    0.471791
 2341.619982    0.456242
 2343.287802    0.443968
 2344.955623    0.437013
 2346.623443    0.428542
 2348.291264    0.435191
 2349.959084    0.419423
 2351.626905    0.413919
 2353.294725    0.404526
 2354.962546    0.395334
 2356.630367    0.389886
 2358.298187    0.391295
 2359.966007    0.369112
 2361.633828    0.385403
 2363.301648    0.376250
 2364.969469    0.359620
 2366.637289    0.355345
 2368.305110    0.347201
 2369.972930    0.356436
 2371.640751    0.348352
 2373.308571    0.346283
 2374.976392    0.335771
 2376.644212    0.338573
 2378.312033    0.329751
 2379.979853    0.329374
 2381.647674    0.322723
 2383.315494    0.323106
 2384.983315    0.321477
 2386.651135    0.308158
 2388.318956    0.310193
 2389.986776    0.323232
 2391.654597    0.321810
 2393.322417    0.323272
 2394.990238    0.311570
 2396.658058    0.321155
 2398.325879    0.304768
 2399.993699    0.312746
 2401.661520    0.318628
 2403.329340    0.311998
 2404.997161    0.307574
 2406.664982    0.315490
 2408.332802    0.294784
 2410.000622    0.301982
 2411.668443    0.306782
 2413.336263    0.307565
 2415.004084    0.318602
 2416.671904    0.298930
 2418.339725    0.294090
 2420.007545    0.304202
 2421.675366    0.308819
 2423.343186    0.304812
 2425.011007    0.314311
 2426.678827    0.309690
 2428.346648    0.314033
 2430.014468    0.309906
 2431.682289    0.320700
 2433.350109    0.311192
 2435.017930    0.305238
 2436.685750    0.299281
 2438.353571    0.309263
 2440.021391    0.311953
 2441.689212    0.315152
 2443.357032    0.306701
 2445.024853    0.295400
 2446.692673    0.310281
 2448.360494    0.304287
 2450.028314    0.295056
 2451.696135    0.318072
 2453.363955    0.292247
 2455.031776    0.296868
 2456.699597    0.277865
 2458.367417    0.289617
 2460.035237    0.295124
 2461.703058    0.294092
 2463.370878    0.284006
 2465.038699    0.285806
 2466.706520    0.282274
 2468.374340    0.273176
 2470.042160    0.290512
 2471.709981    0.283531
 2473.377801    0.285834
 2475.045622    0.285284
 2476.713442    0.276255
 2478.381263    0.270733
 2480.049083    0.270357
 2481.716904    0.270670
 2483.384724    0.262158
 2485.052545    0.265654
 2486.720365    0.277037
 2488.388186    0.267745
 2490.056006    0.249285
 2491.723827    0.266341
 2493.391647    0.263430
 2495.059468    0.263775
 2496.727288    0.262437
 2498.395109    0.264979
 2500.062929    0.263593
 2501.730750    0.266853
 2503.398570    0.260250
 2505.066391    0.267931
 2506.734212    0.266055
 2508.402032    0.256996
 2510.069852    0.254492
 2511.737673    0.258160
 2513.405493    0.260303
 2515.073314    0.259726
 2516.741135    0.255977
 2518.408955    0.256694
 2520.076775    0.251034
 2521.744596    0.257536
 2523.412416    0.255519
 2525.080237    0.262563
 2526.748057    0.267031
 2528.415878    0.254358
 2530.083698    0.247072
 2531.751519    0.252695
 2533.419339    0.247032
 2535.087160    0.260980
 2536.754980    0.259374
 2538.422801    0.244932
 2540.090621    0.247389
 2541.758442    0.252136
 2543.426262    0.256703
 2545.094083    0.251818
 2546.761903    0.239600
 2548.429724    0.241002
 2550.097544    0.248447
 2551.765365    0.250838
 2553.433185    0.255775
 2555.101006    0.254563
 2556.768827    0.248642
 2558.436647    0.255232
 2560.104467    0.246697
 2561.772288    0.250616
 2563.440108    0.253930
 2565.107929    0.246779
 2566.775750    0.247450
 2568.443570    0.240102
 2570.111390    0.249912
 2571.779211    0.246288
 2573.447031    0.249667
 2575.114852    0.249228
 2576.782672    0.248232
 2578.450493    0.252234
 2580.118313    0.243585
 2581.786134    0.251910
 2583.453954    0.258526
 2585.121775    0.254060
 2586.789595    0.249772
 2588.457416    0.249646
 2590.125237    0.253451
 2591.793057    0.259143
 2593.460877    0.247409
 2595.128698    0.253252
 2596.796518    0.262916
 2598.464339    0.253052
 2600.132159    0.246249
 2601.799980    0.249073
 2603.467800    0.258696
 2605.135621    0.260847
 2606.803441    0.246601
 2608.471262    0.252331
 2610.139082    0.264334
 2611.806903    0.266187
 2613.474723    0.260468
 2615.142544    0.264227
 2616.810364    0.256596
 2618.478185    0.269627
 2620.146005    0.261014
 2621.813826    0.269496
 2623.481646    0.272022
 2625.149467    0.276710
 2626.817287    0.269225
 2628.485108    0.286824
 2630.152928    0.261626
 2631.820749    0.272083
 2633.488569    0.284148
 2635.156390    0.283320
 2636.824210    0.280207
 2638.492031    0.283465
 2640.159852    0.292423
 2641.827672    0.291280
 2643.495492    0.296202
 2645.163313    0.280590
 2646.831133    0.294138
 2648.498954    0.291018
 2650.166774    0.308347
 2651.834595    0.300939
 2653.502415    0.304145
 2655.170236    0.311947
 2656.838056    0.311102
 2658.505877    0.317172
 2660.173697    0.319054
 2661.841518    0.319523
 2663.509338    0.321231
 2665.177159    0.325675
 2666.844979    0.326775
 2668.512800    0.333377
 2670.180620    0.336941
 2671.848441    0.333014
 2673.516261    0.338817
 2675.184082    0.339402
 2676.851902    0.333163
 2678.519723    0.345968
 2680.187543    0.340821
 2681.855364    0.334331
 2683.523184    0.340130
 2685.191005    0.355111
 2686.858825    0.338285
 2688.526646    0.342190
 2690.194467    0.335607
 2691.862287    0.334959
 2693.530107    0.340804
 2695.197928    0.333351
 2696.865748    0.332288
 2698.533569    0.332082
 2700.201390    0.330085
 2701.869210    0.326869
 2703.537030    0.324790
 2705.204851    0.310372
 2706.872671    0.305120
 2708.540492    0.314827
 2710.208312    0.307628
 2711.876133    0.316393
 2713.543953    0.302647
 2715.211774    0.308159
 2716.879594    0.300435
 2718.547415    0.300378
 2720.215235    0.291506
 2721.883056    0.294491
 2723.550876    0.290647
 2725.218697    0.280260
 2726.886517    0.279484
 2728.554338    0.279722
 2730.222158    0.274252
 2731.889979    0.268766
 2733.557799    0.278770
 2735.225620    0.268473
 2736.893440    0.269119
 2738.561261    0.263111
 2740.229082    0.263887
 2741.896902    0.257680
 2743.564722    0.262262
 2745.232543    0.266659
 2746.900363    0.264114
 2748.568184    0.269038
 2750.236005    0.260498
 2751.903825    0.258485
 2753.571645    0.264668
 2755.239466    0.261553
 2756.907286    0.248778
 2758.575107    0.254932
 2760.242927    0.252147
 2761.910748    0.254056
 2763.578568    0.251091
 2765.246389    0.259904
 2766.914209    0.262425
 2768.582030    0.257659
 2770.249850    0.252818
 2771.917671    0.257516
 2773.585491    0.257729
 2775.253312    0.245375
 2776.921132    0.255642
 2778.588953    0.252254
 2780.256773    0.251050
 2781.924594    0.241643
 2783.592414    0.253616
 2785.260235    0.247643
 2786.928055    0.240899
 2788.595876    0.248494
 2790.263696    0.244993
 2791.931517    0.244567
 2793.599337    0.250414
 2795.267158    0.243212
 2796.934978    0.236161
 2798.602799    0.229805
 2800.270619    0.234476
 2801.938440    0.232433
 2803.606260    0.229093
 2805.274081    0.237132
 2806.941901    0.227600
 2808.609722    0.231724
 2810.277542    0.230362
 2811.945363    0.221354
 2813.613183    0.232375
 2815.281004    0.226703
 2816.948824    0.212599
 2818.616645    0.225970
 2820.284465    0.230399
 2821.952286    0.224492
 2823.620107    0.222933
 2825.287927    0.221082
 2826.955747    0.226052
 2828.623568    0.224096
 2830.291388    0.221072
 2831.959209    0.215712
 2833.627029    0.215005
 2835.294850    0.219000
 2836.962670    0.211267
 2838.630491    0.221556
 2840.298311    0.214667
 2841.966132    0.201834
 2843.633952    0.217885
 2845.301773    0.207586
 2846.969593    0.207089
 2848.637414    0.209814
 2850.305234    0.200681
 2851.973055    0.204647
 2853.640875    0.205175
 2855.308696    0.205095
 2856.976516    0.204858
 2858.644337    0.207702
 2860.312157    0.209279
 2861.979978    0.206935
 2863.647798    0.202040
 2865.315619    0.199406
 2866.983439    0.203933
 2868.651260    0.203114
 2870.319080    0.198024
 2871.986901    0.192146
 2873.654722    0.192649
 2875.322542    0.195381
 2876.990362    0.202114
 2878.658183    0.193848
 2880.326003    0.198629
 2881.993824    0.195295
 2883.661644    0.195802
 2885.329465    0.202142
 2886.997285    0.197728
 2888.665106    0.193094
 2890.332926    0.200607
 2892.000747    0.200692
 2893.668567    0.197157
 2895.336388    0.200546
 2897.004208    0.190770
 2898.672029    0.195270
 2900.339849    0.194991
 2902.007670    0.195122
 2903.675490    0.190784
 2905.343311    0.189635
 2907.011131    0.188041
 2908.678952    0.201201
 2910.346772    0.195276
 2912.014593    0.191319
 2913.682413    0.191959
 2915.350234    0.188636
 2917.018054    0.188426
 2918.685875    0.180148
 2920.353695    0.195426
 2922.021516    0.191257
 2923.689337    0.181314
 2925.357157    0.185614
 2927.024977    0.187411
 2928.692798    0.176848
 2930.360618    0.183560
 2932.028439    0.182680
 2933.696259    0.179800
 2935.364080    0.185964
 2937.031900    0.179971
 2938.699721    0.185917
 2940.367541    0.178160
 2942.035362    0.184633
 2943.703182    0.180304
 2945.371003    0.175796
 2947.038823    0.178951
 2948.706644    0.175923
 2950.374464    0.176408
 2952.042285    0.186695
 2953.710105    0.169884
 2955.377926    0.172390
 2957.045746    0.170380
 2958.713567    0.178727
 2960.381387    0.171937
 2962.049208    0.179802
 2963.717028    0.172783
 2965.384849    0.177464
 2967.052669    0.169489
 2968.720490    0.178911
 2970.388310    0.178947
 2972.056131    0.172642
 2973.723952    0.172706
 2975.391772    0.169213
 2977.059592    0.170470
 2978.727413    0.173906
 2980.395233    0.177715
 2982.063054    0.166521
 2983.730875    0.166427
 2985.398695    0.173047
 2987.066515    0.162554
 2988.734336    0.162506
 2990.402156    0.166210
 2992.069977    0.165075
 2993.737797    0.166254
 2995.405618    0.166809
 2997.073438    0.164446
 2998.741259    0.164218
 3000.409079    0.166067
 3002.076900    0.167427
 3003.744720    0.172516
 3005.412541    0.160722
 3007.080361    0.171138
 3008.748182    0.160470
 3010.416002    0.161583
 3012.083823    0.164449
 3013.751643    0.167913
 3015.419464    0.162289
 3017.087284    0.157723
 3018.755105    0.159173
 3020.422925    0.162595
 3022.090746    0.165948
 3023.758566    0.156915
 3025.426387    0.160452
 3027.094207    0.164456
 3028.762028    0.165070
 3030.429848    0.161708
 3032.097669    0.163872
 3033.765489    0.162703
 3035.433310    0.153958
 3037.101130    0.158942
 3038.768951    0.156996
 3040.436771    0.156227
 3042.104592    0.154342
 3043.772412    0.153445
 3045.440233    0.158254
 3047.108053    0.160826
 3048.775874    0.153690
 3050.443694    0.153020
 3052.111515    0.151431
 3053.779335    0.157617
 3055.447156    0.155463
 3057.114977    0.154210
 3058.782797    0.156976
 3060.450617    0.151663
 3062.118438    0.154923
 3063.786258    0.156372
 3065.454079    0.151876
 3067.121899    0.147206
 3068.789720    0.150682
 3070.457540    0.154216
 3072.125361    0.148602
 3073.793181    0.150729
 3075.461002    0.150898
 3077.128822    0.152841
 3078.796643    0.143036
 3080.464463    0.152846
 3082.132284    0.145926
 3083.800104    0.145395
 3085.467925    0.148921
 3087.135745    0.149135
 3088.803566    0.148980
 3090.471386    0.149356
 3092.139207    0.151383
 3093.807027    0.143314
 3095.474848    0.144625
 3097.142668    0.147322
 3098.810489    0.139079
 3100.478309    0.144466
 3102.146130    0.143865
 3103.813950    0.144514
 3105.481771    0.142868
 3107.149592    0.143253
 3108.817412    0.147007
 3110.485232    0.145475
 3112.153053    0.142542
 3113.820873    0.138894
 3115.488694    0.146208
 3117.156514    0.137807
 3118.824335    0.138277
 3120.492155    0.140152
 3122.159976    0.140789
 3123.827796    0.142754
 3125.495617    0.137886
 3127.163437    0.138398
 3128.831258    0.139681
 3130.499078    0.135678
 3132.166899    0.138727
 3133.834719    0.138367
 3135.502540    0.135720
 3137.170360    0.137151
 3138.838181    0.134516
 3140.506001    0.138768
 3142.173822    0.132868
 3143.841642    0.136383
 3145.509463    0.136307
 3147.177283    0.137195
 3148.845104    0.132039
 3150.512924    0.135491
 3152.180745    0.134830
 3153.848565    0.132052
 3155.516386    0.135794
 3157.184207    0.139851
 3158.852027    0.136189
 3160.519847    0.131848
 3162.187668    0.134396
 3163.855488    0.132251
 3165.523309    0.133201
 3167.191129    0.134337
 3168.858950    0.135593
 3170.526770    0.127745
 3172.194591    0.134943
 3173.862411    0.133145
 3175.530232    0.129044
 3177.198052    0.129020
 3178.865873    0.126399
 3180.533693    0.129836
 3182.201514    0.127176
 3183.869334    0.127526
 3185.537155    0.125801
 3187.204975    0.128029
 3188.872796    0.125904
 3190.540616    0.126862
 3192.208437    0.123396
 3193.876257    0.131352
 3195.544078    0.125480
 3197.211898    0.131671
 3198.879719    0.125231
 3200.547539    0.123308
 3202.215360    0.122916
 3203.883180    0.124520
 3205.551001    0.125402
 3207.218822    0.125197
 3208.886642    0.118158
 3210.554462    0.123002
 3212.222283    0.126757
 3213.890103    0.122105
 3215.557924    0.123668
 3217.225744    0.121744
 3218.893565    0.120464
 3220.561385    0.117949
 3222.229206    0.119027
 3223.897026    0.120397
 3225.564847    0.118609
 3227.232667    0.121509
 3228.900488    0.119246
 3230.568308    0.119236
 3232.236129    0.115688
 3233.903949    0.121242
 3235.571770    0.117155
 3237.239590    0.118466
 3238.907411    0.115421
 3240.575231    0.113271
 3242.243052    0.114808
 3243.910872    0.113464
 3245.578693    0.115973
 3247.246513    0.115237
 3248.914334    0.111501
 3250.582154    0.114361
 3252.249975    0.115225
 3253.917795    0.114819
 3255.585616    0.112804
 3257.253436    0.109608
 3258.921257    0.111135
 3260.589077    0.113497
 3262.256898    0.110253
 3263.924718    0.109305
 3265.592539    0.111455
 3267.260359    0.110967
 3268.928180    0.110247
 3270.596000    0.111258
 3272.263821    0.108791
 3273.931641    0.108074
 3275.599462    0.110895
 3277.267282    0.107904
 3278.935103    0.109749
 3280.602923    0.106379
 3282.270744    0.109504
 3283.938564    0.105967
 3285.606385    0.106882
 3287.274205    0.102125
 3288.942026    0.109053
 3290.609847    0.106437
 3292.277667    0.108382
 3293.945487    0.105202
 3295.613308    0.106408
 3297.281128    0.107137
 3298.948949    0.104523
 3300.616769    0.106214
 3302.284590    0.101223
 3303.952410    0.101971
 3305.620231    0.106263
 3307.288051    0.101455
 3308.955872    0.097964
 3310.623692    0.100507
 3312.291513    0.101794
 3313.959333    0.104583
 3315.627154    0.102998
 3317.294974    0.103281
 3318.962795    0.102814
 3320.630615    0.100785
 3322.298436    0.098492
 3323.966256    0.101973
 3325.634077    0.103818
 3327.301897    0.099064
 3328.969718    0.098076
 3330.637538    0.100596
 3332.305359    0.100698
 3333.973179    0.094617
 3335.641000    0.100828
 3337.308820    0.099055
 3338.976641    0.101116
 3340.644462    0.095643
 3342.312282    0.096987
 3343.980102    0.096187
 3345.647923    0.095379
 3347.315743    0.096056
 3348.983564    0.096561
 3350.651384    0.095894
 3352.319205    0.092067
 3353.987025    0.093738
 3355.654846    0.092248
 3357.322666    0.094584
 3358.990487    0.094678
 3360.658307    0.093718
 3362.326128    0.092861
 3363.993948    0.092589
 3365.661769    0.088802
 3367.329589    0.090370
 3368.997410    0.088775
 3370.665230    0.091415
 3372.333051    0.088847
 3374.000871    0.093379
 3375.668692    0.092154
 3377.336512    0.090343
 3379.004333    0.089430
 3380.672153    0.088127
 3382.339974    0.090459
 3384.007794    0.085369
 3385.675615    0.089617
 3387.343435    0.088115
 3389.011256    0.088575
 3390.679077    0.086347
 3392.346897    0.086959
 3394.014717    0.089262
 3395.682538    0.084110
 3397.350358    0.085819
 3399.018179    0.086641
 3400.685999    0.087035
 3402.353820    0.084563
 3404.021640    0.084627
 3405.689461    0.085762
 3407.357281    0.084632
 3409.025102    0.086928
 3410.692922    0.083907
 3412.360743    0.083880
 3414.028563    0.083086
 3415.696384    0.082770
 3417.364204    0.080666
 3419.032025    0.080693
 3420.699845    0.077941
 3422.367666    0.078363
 3424.035486    0.081550
 3425.703307    0.079081
 3427.371127    0.078885
 3429.038948    0.081636
 3430.706768    0.081862
 3432.374589    0.078739
 3434.042409    0.081514
 3435.710230    0.078632
 3437.378050    0.080778
 3439.045871    0.078356
 3440.713691    0.078203
 3442.381512    0.076951
 3444.049332    0.077512
 3445.717153    0.080559
 3447.384973    0.075034
 3449.052794    0.076669
 3450.720614    0.080013
 3452.388435    0.074468
 3454.056255    0.076198
 3455.724076    0.074286
 3457.391896    0.077865
 3459.059717    0.074638
 3460.727537    0.077579
 3462.395358    0.077500
 3464.063178    0.073869
 3465.730999    0.073607
 3467.398819    0.076177
 3469.066640    0.075815
 3470.734460    0.073661
 3472.402281    0.070618
 3474.070101    0.072752
 3475.737922    0.070453
 3477.405742    0.072089
 3479.073563    0.073262
 3480.741383    0.071038
 3482.409204    0.069462
 3484.077024    0.072541
 3485.744845    0.071170
 3487.412665    0.070478
 3489.080486    0.071849
 3490.748306    0.066808
 3492.416127    0.067743
 3494.083947    0.068580
 3495.751768    0.068406
 3497.419588    0.068187
 3499.087409    0.068287
 3500.755229    0.067115
 3502.423050    0.067703
 3504.090870    0.065525
 3505.758691    0.066995
 3507.426511    0.067363
 3509.094332    0.064722
 3510.762152    0.067007
 3512.429973    0.065165
 3514.097793    0.067152
 3515.765614    0.066248
 3517.433434    0.066007
 3519.101255    0.064882
 3520.769075    0.062654
 3522.436896    0.064448
 3524.104716    0.064124
 3525.772537    0.062998
 3527.440357    0.064362
 3529.108178    0.062257
 3530.775998    0.062589
 3532.443819    0.061696
 3534.111639    0.061133
 3535.779460    0.060685
 3537.447280    0.062672
 3539.115101    0.059266
 3540.782921    0.060509
 3542.450742    0.059560
 3544.118562    0.061421
 3545.786383    0.061112
 3547.454203    0.059124
 3549.122024    0.058970
 3550.789844    0.059125
 3552.457665    0.058742
 3554.125485    0.057473
 3555.793306    0.057625
 3557.461126    0.059227
 3559.128947    0.057702
 3560.796767    0.056313
 3562.464588    0.056862
 3564.132408    0.056282
 3565.800229    0.056404
 3567.468049    0.056276
 3569.135870    0.056763
 3570.803690    0.058531
 3572.471511    0.056296
 3574.139332    0.056295
 3575.807152    0.053301
 3577.474972    0.053140
 3579.142793    0.056012
 3580.810613    0.053775
 3582.478434    0.056914
 3584.146254    0.054882
 3585.814075    0.053143
 3587.481895    0.053761
 3589.149716    0.051568
 3590.817536    0.052615
 3592.485357    0.053276
 3594.153177    0.051811
 3595.820998    0.050629
 3597.488818    0.054128
 3599.156639    0.051622
 3600.824459    0.052179
 3602.492280    0.052189
 3604.160100    0.052672
 3605.827921    0.050344
 3607.495741    0.050027
 3609.163562    0.050811
 3610.831382    0.049761
 3612.499203    0.049695
 3614.167023    0.049656
 3615.834844    0.050374
 3617.502664    0.051165
 3619.170485    0.047688
 3620.838305    0.048513
 3622.506126    0.049527
 3624.173947    0.046994
 3625.841767    0.047823
 3627.509587    0.046749
 3629.177408    0.047658
 3630.845228    0.047085
 3632.513049    0.046172
 3634.180869    0.047244
 3635.848690    0.046231
 3637.516510    0.044893
 3639.184331    0.046898
 3640.852151    0.045144
 3642.519972    0.044553
 3644.187792    0.043875
 3645.855613    0.044606
 3647.523433    0.044843
 3649.191254    0.044608
 3650.859074    0.044322
 3652.526895    0.043105
 3654.194715    0.046985
 3655.862536    0.041487
 3657.530356    0.042301
 3659.198177    0.043610
 3660.865997    0.042285
 3662.533818    0.041678
 3664.201638    0.041730
 3665.869459    0.042339
 3667.537279    0.042281
 3669.205100    0.040772
 3670.872920    0.041520
 3672.540741    0.041886
 3674.208561    0.039637
 3675.876382    0.040710
 3677.544202    0.040895
 3679.212023    0.040064
 3680.879843    0.039413
 3682.547664    0.040871
 3684.215484    0.038460
 3685.883305    0.037963
 3687.551125    0.038933
 3689.218946    0.037524
 3690.886766    0.038782
 3692.554587    0.038113
 3694.222407    0.036802
 3695.890228    0.037981
 3697.558048    0.036636
 3699.225869    0.037991
 3700.893689    0.036454
 3702.561510    0.037446
 3704.229330    0.037048
 3705.897151    0.035797
 3707.564971    0.037052
 3709.232792    0.035257
 3710.900612    0.036160
 3712.568433    0.034948
 3714.236253    0.034831
 3715.904074    0.035363
 3717.571894    0.035590
 3719.239715    0.033823
 3720.907535    0.035073
 3722.575356    0.035288
 3724.243176    0.033682
 3725.910997    0.033939
 3727.578817    0.033982
 3729.246638    0.033390
 3730.914458    0.034604
 3732.582279    0.033317
 3734.250099    0.032608
 3735.917920    0.032591
 3737.585740    0.032132
 3739.253561    0.033019
 3740.921381    0.031457
 3742.589202    0.031759
 3744.257022    0.031370
 3745.924843    0.031620
 3747.592663    0.031300
 3749.260484    0.031565
 3750.928304    0.031265
 3752.596125    0.030844
 3754.263945    0.030494
 3755.931766    0.030088
 3757.599586    0.029413
 3759.267407    0.029298
 3760.935227    0.029016
 3762.603048    0.029142
 3764.270868    0.028789
 3765.938689    0.029217
 3767.606509    0.028376
 3769.274330    0.028456
 3770.942150    0.029611
 3772.609971    0.028025
 3774.277791    0.027543
 3775.945612    0.027479
 3777.613432    0.028011
 3779.281253    0.027612
 3780.949073    0.026612
 3782.616894    0.027411
 3784.284714    0.026862
 3785.952535    0.027824
 3787.620355    0.027193
 3789.288176    0.027174
 3790.955996    0.026324
 3792.623817    0.026694
 3794.291637    0.025838
 3795.959458    0.025608
 3797.627278    0.025584
 3799.295099    0.025704
 3800.962919    0.025699
 3802.630740    0.024493
 3804.298560    0.024950
 3805.966381    0.025205
 3807.634202    0.024957
 3809.302022    0.024631
 3810.969842    0.024350
 3812.637663    0.024158
 3814.305483    0.024430
 3815.973304    0.024557
 3817.641124    0.023637
 3819.308945    0.023615
 3820.976765    0.023923
 3822.644586    0.023150
 3824.312406    0.023016
 3825.980227    0.023009
 3827.648047    0.023070
 3829.315868    0.022151
 3830.983688    0.022049
 3832.651509    0.021909
 3834.319329    0.022440
 3835.987150    0.021694
 3837.654970    0.022194
 3839.322791    0.020931
 3840.990611    0.021826
 3842.658432    0.020889
 3844.326252    0.021230
 3845.994073    0.021265
 3847.661893    0.020007
 3849.329714    0.020901
 3850.997534    0.019662
 3852.665355    0.020334
 3854.333175    0.020253
 3856.000996    0.019386
 3857.668816    0.019535
 3859.336637    0.019574
 3861.004457    0.019379
 3862.672278    0.019407
 3864.340098    0.019106
 3866.007919    0.018807
 3867.675739    0.019200
 3869.343560    0.018519
 3871.011380    0.018094
 3872.679201    0.018650
 3874.347021    0.017429
 3876.014842    0.017724
 3877.682662    0.018088
 3879.350483    0.017675
 3881.018303    0.018068
 3882.686124    0.017343
 3884.353944    0.017250
 3886.021765    0.017042
 3887.689585    0.016932
 3889.357406    0.017398
 3891.025226    0.017031
 3892.693047    0.016313
 3894.360867    0.016706
 3896.028688    0.016771
 3897.696508    0.016611
 3899.364329    0.015862
 3901.032149    0.015708
 3902.699970    0.015361
 3904.367790    0.015544
 3906.035611    0.015043
 3907.703431    0.015195
 3909.371252    0.015215
 3911.039072    0.014760
 3912.706893    0.015046
 3914.374713    0.014908
 3916.042534    0.015486
 3917.710354    0.014545
 3919.378175    0.014634
 3921.045995    0.014741
 3922.713816    0.014808
 3924.381636    0.014473
 3926.049457    0.014083
 3927.717277    0.013732
 3929.385098    0.014048
 3931.052918    0.013610
 3932.720739    0.013645
 3934.388559    0.013173
 3936.056380    0.013119
 3937.724200    0.013311
 3939.392021    0.013050
 3941.059841    0.013171
 3942.727662    0.013031
 3944.395482    0.012971
 3946.063303    0.012718
 3947.731123    0.012664
 3949.398944    0.012406
 3951.066764    0.012644
 3952.734585    0.012351
 3954.402405    0.012012
 3956.070226    0.012240
 3957.738046    0.012089
 3959.405867    0.011443
 3961.073687    0.011949
 3962.741508    0.011862
 3964.409328    0.011951
 3966.077149    0.011544
 3967.744969    0.010937
 3969.412790    0.011153
 3971.080610    0.011176
 3972.748431    0.010909
 3974.416251    0.011014
 3976.084072    0.011064
 3977.751892    0.010936
 3979.419713    0.010674
 3981.087533    0.010583
 3982.755354    0.010423
 3984.423174    0.010042
 3986.090995    0.010219
 3987.758815    0.010112
 3989.426636    0.009914
 3991.094456    0.010037
 3992.762277    0.009885
 3994.430097    0.009886
 3996.097918    0.009643
 3997.765738    0.009375
 3999.433559    0.009397
 4001.101379    0.009671
 4002.769200    0.009193
 4004.437020    0.009273
 4006.104841    0.009462
 4007.772661    0.009115
 4009.440482    0.009042
 4011.108302    0.008905
 4012.776123    0.009003
 4014.443943    0.008921
 4016.111764    0.008716
 4017.779584    0.008429
 4019.447405    0.008558
 4021.115225    0.008534
 4022.783046    0.008564
 4024.450866    0.008435
 4026.118687    0.008386
 4027.786507    0.008287
 4029.454328    0.008268
 4031.122148    0.007996
 4032.789969    0.008051
 4034.457789    0.008082
 4036.125610    0.008036
 4037.793430    0.007917
 4039.461251    0.007789
 4041.129072    0.007503
 4042.796892    0.007707
 4044.464712    0.007862
 4046.132533    0.007487
 4047.800353    0.007313
 4049.468174    0.007357
 4051.135994    0.007177
 4052.803815    0.007272
 4054.471635    0.007054
 4056.139456    0.007131
 4057.807276    0.007103
 4059.475097    0.006958
 4061.142917    0.006895
 4062.810738    0.006875
 4064.478558    0.006911
 4066.146379    0.006702
 4067.814199    0.006782
 4069.482020    0.006643
 4071.149840    0.006615
 4072.817661    0.006653
 4074.485481    0.006451
 4076.153302    0.006439
 4077.821122    0.006449
 4079.488943    0.006377
 4081.156763    0.006286
 4082.824584    0.006198
 4084.492404    0.006242
 4086.160225    0.006255
 4087.828045    0.006157
 4089.495866    0.006208
 4091.163686    0.006106
 4092.831507    0.006072
 4094.499327    0.006005
 4096.167148    0.006090
 4097.834968    0.006003
 4099.502789    0.005880
 4101.170609    0.005833
 4102.838430    0.005939
 4104.506250    0.005755
 4106.174071    0.005787
 4107.841892    0.005740
 4109.509712    0.005650
 4111.177532    0.005673
 4112.845353    0.005640
 4114.513173    0.005556
 4116.180994    0.005595
 4117.848815    0.005577
 4119.516635    0.005567
 4121.184455    0.005497
 4122.852276    0.005484
 4124.520096    0.005457
 4126.187917    0.005404
 4127.855738    0.005415
 4129.523558    0.005402
 4131.191378    0.005377
 4132.859199    0.005402
 4134.527019    0.005342
 4136.194840    0.005401
 4137.862660    0.005345
 4139.530481    0.005286
 4141.198301    0.005272
 4142.866122    0.005235
 4144.533942    0.005293
 4146.201763    0.005239
 4147.869583    0.005230
 4149.537404    0.005200
 4151.205224    0.005192
 4152.873045    0.005188
 4154.540865    0.005188
 4156.208686    0.005159
 4157.876506    0.005168
 4159.544327    0.005132
 4161.212147    0.005176
 4162.879968    0.005177
 4164.547788    0.005171
 4166.215609    0.005144
 4167.883429    0.005160
 4169.551250    0.005120
 4171.219070  581.777336
 4172.886891  575.050211
 4174.554711  520.439982
 4176.222532  503.067350
 4177.890352  466.878899
 4179.558173  423.924852
 4181.225993  378.638714
 4182.893814  336.515101
 4184.561634  327.361250
 4186.229455  307.722239
 4187.897275  268.241795
 4189.565096  262.474630
 4191.232917  246.789866
 4192.900737  230.318324
 4194.568557  220.583565
 4196.236378  193.191483
 4197.904198  193.559508
 4199.572019  173.862552
 4201.239840  167.830143
 4202.907660  159.177260
 4204.575480  149.027575
 4206.243301  146.316113
 4207.911121  137.605392
 4209.578942  136.598596
 4211.246762  125.682286
 4212.914583  118.057812
 4214.582403  114.009885
 4216.250224  112.380913
 4217.918044  107.703399
 4219.585865  107.407045
 4221.253685   95.726427
 4222.921506   95.783852
 4224.589326   90.212573
 4226.257147   88.689298
 4227.924967   89.060788
 4229.592788   88.205000
 4231.260608   79.211437
 4232.928429   76.520827
 4234.596249   77.547892
 4236.264070   73.417696
 4237.931890   70.935653
 4239.599711   68.157974
 4241.267531   66.277929
 4242.935352   62.190072
 4244.603172   62.241690
 4246.270993   59.736038
 4247.938813   60.044524
 4249.606634   55.871376
 4251.274454   55.360010
 4252.942275   52.556017
 4254.610095   52.281687
 4256.277916   48.859670
 4257.945736   49.560751
 4259.613557   47.413490
 4261.281377   44.190416
 4262.949198   44.342495
 4264.617018   42.329926
 4266.284839   40.590588
 4267.952659   40.300069
 4269.620480   37.584961
 4271.288301   36.984766
 4272.956121   34.747792
 4274.623942   32.770605
 4276.291762   32.493524
 4277.959582   29.741362
 4279.627403   29.366791
 4281.295223   29.745567
 4282.963044   28.579605
 4284.630864   27.469350
 4286.298685   26.185410
 4287.966505   25.187196
 4289.634326   24.653576
 4291.302147   23.387127
 4292.969967   24.349575
 4294.637787   23.064960
 4296.305608   22.521099
 4297.973428   21.655475
 4299.641249   20.746319
 4301.309069   20.772986
 4302.976890   19.519089
 4304.644710   18.906202
 4306.312531   18.708961
 4307.980351   18.177976
 4309.648172   18.154764
 4311.315992   17.326257
 4312.983813   17.316787
 4314.651633   16.984311
 4316.319454   17.026372
 4317.987274   16.717281
 4319.655095   16.385636
 4321.322915   16.643485
 4322.990736   15.416783
 4324.658556   15.565181
 4326.326377   15.764192
 4327.994197   15.270243
 4329.662018   15.224508
 4331.329838   15.215672
 4332.997659   15.236745
 4334.665479   14.787577
 4336.333300   14.818272
 4338.001121   14.747876
 4339.668941   14.483889
 4341.336761   14.708506
 4343.004582   14.469258
 4344.672402   14.696652
 4346.340223   14.289127
 4348.008043   14.229872
 4349.675864   14.079646
 4351.343684   14.106345
 4353.011505   14.516282
 4354.679326   14.546623
 4356.347146   14.441254
 4358.014966   14.780429
 4359.682787   15.403570
 4361.350607   15.426015
 4363.018428   15.292592
 4364.686248   15.512326
 4366.354069   15.609092
 4368.021889   16.482773
 4369.689710   16.443312
 4371.357531   16.938430
 4373.025351   16.500446
 4374.693172   16.900389
 4376.360992   17.536346
 4378.028812   17.877132
 4379.696633   17.952577
 4381.364453   19.086216
 4383.032274   18.759985
 4384.700094   19.866105
 4386.367915   20.117582
 4388.035735   20.761548
 4389.703556   21.066917
 4391.371376   21.469422
 4393.039197   22.550637
 4394.707017   21.973311
 4396.374838   22.865773
 4398.042658   23.672775
 4399.710479   23.273370
 4401.378299   25.692872
 4403.046120   25.724193
 4404.713940   25.841773
 4406.381761   26.181629
 4408.049581   27.584396
 4409.717402   29.176959
 4411.385222   28.401783
 4413.053043   29.152962
 4414.720863   29.881118
 4416.388684   31.426181
 4418.056504   30.962841
 4419.724325   31.366698
 4421.392145   31.945898
 4423.059966   32.099931
 4424.727786   33.791024
 4426.395607   34.097898
 4428.063427   34.577381
 4429.731248   34.156846
 4431.399068   35.517389
 4433.066889   36.123683
 4434.734709   39.600806
 4436.402530   39.651196
 4438.070351   38.498605
 4439.738171   42.280204
 4441.405991   40.854182
 4443.073812   41.616796
 4444.741632   43.404821
 4446.409453   42.363278
 4448.077273   43.577110
 4449.745094   41.780428
 4451.412914   42.072766
 4453.080735   45.971346
 4454.748556   45.652273
 4456.416376   44.451805
 4458.084196   46.837748
 4459.752017   44.308384
 4461.419837   46.585918
 4463.087658   45.157426
 4464.755478   46.412192
 4466.423299   45.105894
 4468.091119   47.905337
 4469.758940   45.489868
 4471.426760   43.116169
 4473.094581   45.782281
 4474.762402   42.824802
 4476.430222   44.310747
 4478.098042   44.749984
 4479.765863   41.049140
 4481.433683   39.694877
 4483.101504   41.077920
 4484.769324   38.917680
 4486.437145   37.236155
 4488.104965   35.926538
 4489.772786   35.906770
 4491.440606   33.638303
 4493.108427   32.952610
 4494.776247   31.259202
 4496.444068   29.760156
 4498.111888   29.395578
 4499.779709   27.280194
 4501.447529   25.923131
 4503.115350   23.564553
 4504.783170   22.665677
 4506.450991   23.054156
 4508.118811   22.341956
 4509.786632   19.395455
 4511.454452   18.873956
 4513.122273   18.580054
 4514.790093   17.989293
 4516.457914   16.974574
 4518.125734   15.249713
 4519.793555   15.635683
 4521.461376   13.116735
 4523.129196   12.797159
 4524.797016   12.282497
 4526.464837   12.015287
 4528.132657   11.331371
 4529.800478   10.959048
 4531.468298   10.311083
 4533.136119   10.135777
 4534.803939    9.261376
 4536.471760    8.484478
 4538.139581    8.055401
 4539.807401    8.214742
 4541.475221    7.479077
 4543.143042    7.322114
 4544.810862    6.460005
 4546.478683    6.433961
 4548.146503    6.110901
 4549.814324    5.862137
 4551.482144    5.570857
 4553.149965    5.154300
 4554.817786    5.026271
 4556.485606    4.866932
 4558.153427    4.644800
 4559.821247    4.289170
 4561.489067    4.108528
 4563.156888    3.952099
 4564.824708    3.787320
 4566.492529    3.707255
 4568.160349    3.513928
 4569.828170    3.342365
 4571.495990    3.170903
 4573.163811    3.004371
 4574.831632    2.857372
 4576.499452    2.703529
 4578.167272    2.727738
 4579.835093    2.585190
 4581.502913    2.404350
 4583.170734    2.395234
 4584.838554    2.325870
 4586.506375    2.268326
 4588.174195    2.293537
 4589.842016    2.102849
 4591.509836    2.107282
 4593.177657    2.025804
 4594.845477    2.003193
 4596.513298    1.958060
 4598.181118    1.853252
 4599.848939    1.849125
 4601.516759    1.808285
 4603.184580    1.807509
 4604.852400    1.740482
 4606.520221    1.708940
 4608.188041    1.627033
 4609.855862    1.695488
 4611.523682    1.620336
 4613.191503    1.578388
 4614.859323    1.524142
 4616.527144    1.540959
 4618.194964    1.499688
 4619.862785    1.509501
 4621.530606    1.486009
 4623.198426    1.462115
 4624.866246    1.441806
 4626.534067    1.474930
 4628.201887    1.434413
 4629.869708    1.405164
 4631.537528    1.373213
 4633.205349    1.385705
 4634.873169    1.390732
 4636.540990    1.366886
 4638.208811    1.391865
 4639.876631    1.352293
 4641.544451    1.371852
 4643.212272    1.361856
 4644.880092    1.382389
 4646.547913    1.367893
 4648.215733    1.424093
 4649.883554    1.387366
 4651.551374    1.379483
 4653.219195    1.364358
 4654.887015    1.377740
 4656.554836    1.385042
 4658.222657    1.416259
 4659.890477    1.427286
 4661.558297    1.455416
 4663.226118    1.399142
 4664.893938    1.425064
 4666.561759    1.414749
 4668.229579    1.417485
 4669.897400    1.387604
 4671.565220    1.410608
 4673.233041    1.405771
 4674.900861    1.418130
 4676.568682    1.447733
 4678.236502    1.423318
 4679.904323    1.438168
 4681.572143    1.420882
 4683.239964    1.423218
 4684.907784    1.442489
 4686.575605    1.378348
 4688.243425    1.411440
 4689.911246    1.391060
 4691.579066    1.371934
 4693.246887    1.387000
 4694.914707    1.350439
 4696.582528    1.321975
 4698.250348    1.333961
 4699.918169    1.347214
 4701.585989    1.261668
 4703.253810    1.304742
 4704.921630    1.265996
 4706.589451    1.268497
 4708.257271    1.260495
 4709.925092    1.236581
 4711.592912    1.229611
 4713.260733    1.189285
 4714.928553    1.199103
 4716.596374    1.143737
 4718.264194    1.155218
 4719.932015    1.147771
 4721.599836    1.113168
 4723.267656    1.154447
 4724.935476    1.103713
 4726.603297    1.104754
 4728.271117    1.072178
 4729.938938    1.065418
 4731.606758    1.047055
 4733.274579    1.023047
 4734.942399    1.037676
 4736.610220    1.027955
 4738.278041    1.017597
 4739.945861    1.027098
 4741.613681    1.003472
 4743.281502    0.959053
 4744.949322    0.958867
 4746.617143    0.971251
 4748.284963    0.943548
 4749.952784    0.926651
 4751.620604    0.933874
 4753.288425    0.914275
 4754.956245    0.914352
 4756.624066    0.918337
 4758.291887    0.913763
 4759.959707    0.900475
 4761.627527    0.905836
 4763.295348    0.872908
 4764.963168    0.879021
 4766.630989    0.863425
 4768.298809    0.880288
 4769.966630    0.845984
 4771.634450    0.868543
 4773.302271    0.862309
 4774.970091    0.879985
 4776.637912    0.864673
 4778.305732    0.851326
 4779.973553    0.857300
 4781.641373    0.847576
 4783.309194    0.834216
 4784.977014    0.867710
 4786.644835    0.832474
 4788.312655    0.819846
 4789.980476    0.792232
 4791.648296    0.805975
 4793.316117    0.798868
 4794.983937    0.781277
 4796.651758    0.769783
 4798.319578    0.776932
 4799.987399    0.766411
 4801.655219    0.739889
 4803.323040    0.731283
 4804.990861    0.718748
 4806.658681    0.696557
 4808.326501    0.691688
 4809.994322    0.729486
 4811.662142    0.692265
 4813.329963    0.705239
 4814.997783    0.700045
 4816.665604    0.714264
 4818.333424    0.705213
 4820.001245    0.695205
 4821.669066    0.704175
 4823.336886    0.696659
 4825.004706    0.709412
 4826.672527    0.703188
 4828.340347    0.733355
 4830.008168    0.709602
 4831.675988    0.700066
 4833.343809    0.744940
 4835.011629    0.713780
 4836.679450    0.741178
 4838.347270    0.772169
 4840.015091    0.765243
 4841.682912    0.782268
 4843.350732    0.803960
 4845.018552    0.781375
 4846.686373    0.841374
 4848.354193    0.857075
 4850.022014    0.894248
 4851.689834    0.909981
 4853.357655    0.930608
 4855.025475    0.924110
 4856.693296    0.948366
 4858.361116    0.962581
 4860.028937    1.018993
 4861.696757    0.991189
 4863.364578    1.035117
 4865.032398    1.073606
 4866.700219    1.063139
 4868.368039    1.079735
 4870.035860    1.068604
 4871.703680    1.159120
 4873.371501    1.170638
 4875.039321    1.200490
 4876.707142    1.234813
 4878.374962    1.285874
 4880.042783    1.302293
 4881.710603    1.292913
 4883.378424    1.378093
 4885.046244    1.375018
 4886.714065    1.471036
 4888.381885    1.486194
 4890.049706    1.580120
 4891.717526    1.571248
 4893.385347    1.607529
 4895.053167    1.744013
 4896.720988    1.698247
 4898.388808    1.788813
 4900.056629    1.904253
 4901.724449    1.901670
 4903.392270    2.030214
 4905.060091    2.107765
 4906.727911    2.281822
 4908.395731    2.382938
 4910.063552    2.425220
 4911.731372    2.612818
 4913.399193    2.729577
 4915.067013    2.876466
 4916.734834    2.973219
 4918.402654    3.266295
 4920.070475    3.479554
 4921.738296    3.906957
 4923.406116    4.034798
 4925.073936    4.403442
 4926.741757    4.745881
 4928.409577    4.967189
 4930.077398    5.214337
 4931.745218    5.708022
 4933.413039    6.500107
 4935.080859    7.146755
 4936.748680    8.018803
 4938.416500    8.120199
 4940.084321    8.983679
 4941.752142   10.226785
 4943.419962   11.112058
 4945.087782   12.197759
 4946.755603   13.385070
 4948.423423   14.379099
 4950.091244   15.278890
 4951.759064   16.511897
 4953.426885   19.152326
 4955.094705   20.919232
 4956.762526   22.699117
 4958.430346   25.142598
 4960.098167   26.197031
 4961.765987   29.913583
 4963.433808   32.257702
 4965.101628   35.782901
 4966.769449   39.258516
 4968.437269   41.790044
 4970.105090   44.849678
 4971.772910   49.450102
 4973.440731   54.804410
 4975.108551   61.011223
 4976.776372   65.177119
 4978.444192   73.880062
 4980.112013   78.991518
 4981.779833   88.112270
 4983.447654   94.259223
 4985.115474  100.236476
 4986.783295  106.753189
 4988.451116  112.452608
 4990.118936  115.551515
 4991.786756  128.227099
 4993.454577  141.037921
 4995.122397  144.739381
 4996.790218  158.596731
 4998.458038  158.055884
 5000.125859  167.513602
