 # Group; Entropies in eV/K [trans, rot, vib]; Total entropy in eV/K; Total entropy in J/K
       1   1.35472141E-03   1.09293147E-03   1.09710564E-04   2.55736345E-03   2.46752071E+02
       2   1.46432809E-03   7.67745811E-04   9.71637932E-05   2.32923769E-03   2.24740925E+02
       3   1.43251017E-03   7.94208387E-04   9.59544259E-05   2.32267298E-03   2.24107516E+02
       4   1.32895169E-03   5.84257324E-04   9.36800476E-05   2.00688906E-03   1.93638504E+02
       5   1.32983640E-03   7.63579144E-04   1.22016539E-04   2.21543208E-03   2.13760174E+02
       6   1.62775189E-03   6.24028222E-04   1.02893308E-04   2.35467342E-03   2.27195139E+02
       7   1.54647769E-03   7.26854581E-04   1.13957080E-04   2.38728935E-03   2.30342149E+02
       8   1.40906115E-03   5.73590384E-04   1.05517774E-04   2.08816931E-03   2.01480984E+02
       9   1.35460146E-03   6.63827873E-04   1.12530791E-04   2.13096013E-03   2.05609737E+02
      10   1.43114928E-03   6.71371227E-04   7.94962059E-05   2.18201671E-03   2.10536028E+02
      11   1.61247653E-03   1.04967591E-03   1.34546186E-04   2.79669863E-03   2.69844781E+02
      12   1.26622217E-03   6.86382584E-04   1.09990730E-04   2.06259549E-03   1.99013445E+02
      13   1.41471007E-03   1.24169678E-03   3.11698264E-04   2.96810512E-03   2.86383262E+02
      14   1.34915823E-03   7.99901367E-04   1.05345731E-04   2.25440533E-03   2.17520582E+02
      15   1.27600847E-03   8.65937681E-04   7.86210427E-05   2.22056719E-03   2.14255645E+02
      16   1.21421415E-03   7.54264829E-04   1.16245117E-04   2.08472410E-03   2.01148565E+02
      17   1.42663980E-03   7.72576816E-04   1.17736421E-04   2.31695303E-03   2.23555616E+02
      18   1.35389589E-03   7.26615732E-04   1.20492687E-04   2.20100431E-03   2.12368083E+02
      19   1.54779905E-03   7.02523146E-04   1.24242150E-04   2.37456435E-03   2.29114353E+02
      20   1.55186377E-03   8.09029971E-04   9.97671365E-05   2.46066088E-03   2.37421540E+02
      21   1.48744090E-03   7.40765973E-04   5.87679740E-05   2.28697485E-03   2.20663114E+02
      22   1.63461196E-03   8.08231414E-04   1.10766848E-04   2.55361022E-03   2.46389934E+02
      23   1.26809816E-03   4.61910611E-04   8.24337457E-05   1.81244251E-03   1.74876960E+02
      24   1.63178079E-03   7.81261777E-04   1.04240906E-04   2.51728347E-03   2.42884879E+02
      25   1.34448782E-03   5.43499814E-04   6.48215235E-05   1.95280916E-03   1.88420502E+02
      26   1.37211019E-03   7.82446492E-04   9.62124458E-05   2.25076913E-03   2.17169736E+02
      27   1.19182161E-03   6.74627809E-04   9.27238471E-05   1.95917326E-03   1.89034555E+02
      28   1.59339190E-03   8.03554429E-04   9.46732906E-05   2.49161962E-03   2.40408653E+02
      29   1.52288510E-03   7.60689828E-04   8.82596355E-05   2.37183456E-03   2.28850964E+02
      30   1.45237368E-03   8.03427802E-04   1.69459097E-04   2.42526058E-03   2.34005875E+02
      31   1.20131460E-03   7.72128301E-04   1.30625335E-04   2.10406824E-03   2.03015022E+02
      32   1.49394159E-03   1.00464533E-03   9.80038019E-05   2.59659073E-03   2.50536990E+02
      33   1.30597546E-03   7.71399974E-04   8.81038366E-05   2.16547928E-03   2.08940382E+02
      34   1.37638085E-03   7.47357892E-04   9.34236016E-05   2.21716235E-03   2.13927122E+02
      35   1.38330022E-03   5.87696170E-04   8.91147718E-05   2.06011116E-03   1.98773740E+02
      36   1.42055456E-03   7.03922136E-04   1.23781534E-04   2.24825823E-03   2.16927467E+02
      37   1.41520888E-03   9.17611281E-04   1.00889282E-04   2.43370944E-03   2.34821079E+02
      38   1.24175141E-03   4.17949047E-04   7.55122076E-05   1.73521267E-03   1.67425291E+02
      39   1.36778184E-03   6.43882026E-04   9.35236182E-05   2.10518748E-03   2.03123014E+02
      40   1.41734142E-03   6.47919564E-04   7.40778744E-05   2.13933886E-03   2.06418175E+02
      41   1.27312360E-03   6.79761115E-04   1.08354334E-04   2.06123905E-03   1.98882566E+02
      42   1.26749710E-03   5.43495630E-04   8.23265135E-05   1.89331924E-03   1.82680504E+02
      43   1.70780219E-03   8.52618994E-04   1.17120320E-04   2.67754150E-03   2.58347679E+02
      44   1.45379977E-03   7.20769485E-04   8.53405738E-05   2.25990983E-03   2.18051694E+02
      45   1.42703870E-03   9.47000794E-04   1.05313053E-04   2.47935255E-03   2.39225041E+02
      46   1.45974650E-03   5.98130625E-04   1.36385401E-04   2.19426253E-03   2.11717589E+02
      47   1.59235796E-03   8.40140561E-04   7.30360379E-05   2.50553456E-03   2.41751263E+02
      48   1.53716587E-03   7.86525827E-04   2.90889009E-04   2.61458071E-03   2.52272787E+02
      49   1.62217308E-03   8.13353642E-04   1.06211356E-04   2.54173808E-03   2.45244428E+02
      50   1.50707762E-03   8.24824073E-04   7.71138496E-05   2.40901555E-03   2.32438442E+02
      51   1.28608324E-03   7.91636207E-04   8.58433609E-05   2.16356281E-03   2.08755469E+02
      52   1.42312290E-03   8.25796739E-04   9.06693647E-05   2.33958900E-03   2.25739690E+02
      53   1.90605003E-03   7.26056582E-04   1.24977410E-04   2.75708403E-03   2.66022491E+02
      54   1.68185560E-03   7.55755888E-04   1.00216845E-04   2.53782833E-03   2.44867189E+02
      55   1.20424624E-03   6.46920822E-04   1.06742976E-04   1.95791004E-03   1.88912670E+02
      56   1.57141796E-03   6.37216467E-04   8.27575277E-05   2.29139196E-03   2.21089307E+02
      57   1.38636175E-03   5.83639784E-04   6.15718978E-05   2.03157343E-03   1.96020223E+02
      58   1.37060813E-03   9.71854368E-04   8.16354390E-05   2.42409794E-03   2.33893695E+02
      59   1.66659497E-03   7.12012462E-04   9.99648518E-05   2.47857228E-03   2.39149756E+02
      60   1.58073739E-03   6.17412549E-04   1.10311903E-04   2.30846184E-03   2.22736327E+02
      61   1.23364526E-03   7.02008863E-04   9.16535836E-05   2.02730771E-03   1.95608636E+02
      62   1.22327774E-03   6.73818460E-04   7.72844709E-05   1.97438067E-03   1.90501870E+02
      63   1.42863610E-03   6.83582627E-04   1.04178650E-04   2.21639737E-03   2.13853312E+02
      64   1.35605947E-03   6.66952795E-04   1.04910235E-04   2.12792250E-03   2.05316645E+02
      65   1.57252891E-03   6.67376667E-04   8.25485468E-05   2.32245413E-03   2.24086399E+02
      66   1.66434250E-03   1.07190047E-03   9.04500328E-05   2.82669300E-03   2.72738845E+02
      67   1.24482687E-03   6.13811939E-04   1.18001329E-04   1.97664014E-03   1.90719879E+02
      68   1.92864260E-03   1.14176526E-03   1.42624636E-04   3.21303249E-03   3.10015545E+02
      69   1.46561070E-03   7.32445374E-04   1.14445182E-04   2.31250126E-03   2.23126078E+02
      70   1.34780239E-03   7.49411508E-04   9.15640897E-05   2.18877799E-03   2.11188403E+02
      71   1.35776093E-03   5.25204231E-04   9.55352344E-05   1.97850039E-03   1.90899370E+02
      72   1.36979438E-03   9.29723565E-04   1.02454563E-04   2.40197250E-03   2.31758881E+02
      73   1.59035473E-03   5.89842711E-04   1.17374385E-04   2.29757183E-03   2.21685583E+02
      74   1.28974189E-03   7.65994634E-04   9.77024524E-05   2.15343897E-03   2.07778651E+02
      75   1.48908452E-03   5.53371346E-04   1.08269956E-04   2.15072582E-03   2.07516867E+02
      76   1.37072320E-03   7.53144199E-04   1.55210085E-04   2.27907749E-03   2.19901121E+02
      77   1.19523986E-03   5.29408757E-04   1.10036860E-04   1.83468548E-03   1.77023114E+02
      78   1.58420233E-03   9.86299275E-04   9.94054608E-05   2.66990707E-03   2.57611056E+02
      79   1.66921577E-03   6.21570368E-04   1.07012459E-04   2.39779860E-03   2.31356154E+02
      80   1.22363194E-03   5.10475660E-04   8.76072848E-05   1.82171488E-03   1.75771622E+02
      81   1.48375090E-03   8.12484965E-04   1.27561330E-04   2.42379719E-03   2.33864677E+02
      82   1.60118750E-03   1.06071486E-03   8.38032410E-05   2.74570560E-03   2.64924622E+02
      83   1.66298089E-03   8.87141786E-04   8.83338004E-05   2.63845647E-03   2.54576486E+02
      84   1.50447604E-03   7.95154999E-04   9.28450246E-05   2.39247607E-03   2.30842599E+02
      85   1.49036522E-03   5.96299854E-04   7.77311881E-05   2.16439626E-03   2.08835886E+02
      86   1.51176058E-03   8.54164536E-04   9.53356585E-05   2.46126078E-03   2.37479423E+02
      87   1.30253736E-03   4.69418147E-04   6.67974913E-05   1.83875300E-03   1.77415577E+02
      88   1.53607992E-03   9.78271540E-04   9.93776949E-05   2.61372916E-03   2.52190624E+02
      89   1.27512871E-03   7.48874384E-04   1.04695053E-04   2.12869815E-03   2.05391485E+02
      90   1.19254385E-03   6.29125968E-04   1.03067914E-04   1.92473773E-03   1.85711977E+02
      91   1.10001523E-03   7.02454121E-04   9.91705263E-05   1.90163987E-03   1.83483336E+02
      92   1.28128297E-03   7.72642067E-04   8.00616224E-05   2.13398666E-03   2.05901757E+02
      93   1.81995690E-03   7.41956234E-04   1.01340155E-04   2.66325329E-03   2.56969053E+02
      94   1.35871881E-03   9.99749802E-04   1.62572117E-04   2.52104073E-03   2.43247405E+02
      95   1.64863191E-03   8.32290289E-04   8.35125772E-05   2.56443478E-03   2.47434362E+02
      96   1.51548936E-03   6.53984328E-04   9.75105888E-05   2.26698428E-03   2.18734285E+02
      97   1.37877765E-03   6.47244126E-04   9.93425799E-05   2.12536435E-03   2.05069818E+02
      98   1.59010146E-03   8.91541906E-04   1.28894234E-04   2.61053760E-03   2.51882681E+02
      99   1.23116298E-03   6.23285191E-04   6.56996256E-05   1.92014780E-03   1.85269109E+02
     100   1.37699815E-03   7.02649989E-04   1.22182865E-04   2.20183100E-03   2.12447848E+02
     101   1.31232127E-03   6.17218776E-04   8.13609441E-05   2.01090099E-03   1.94025602E+02
     102   1.60851452E-03   7.36205687E-04   1.20147227E-04   2.46486743E-03   2.37827417E+02
     103   1.29176023E-03   5.85384024E-04   9.01562318E-05   1.96730048E-03   1.89818725E+02
     104   1.61384684E-03   8.45069465E-04   9.20246280E-05   2.55094093E-03   2.46132383E+02
     105   1.27176351E-03   5.14542918E-04   8.74343553E-05   1.87374078E-03   1.80791440E+02
     106   1.34978941E-03   6.18701597E-04   6.96430643E-05   2.03813407E-03   1.96653238E+02
     107   1.47482922E-03   5.13151539E-04   9.40740505E-05   2.08205481E-03   2.00891014E+02
     108   1.17609706E-03   6.35467305E-04   1.13532421E-04   1.92509679E-03   1.85746621E+02
     109   1.65421467E-03   6.79977897E-04   8.29956396E-05   2.41718821E-03   2.33226997E+02
     110   1.48733765E-03   9.07382550E-04   1.00975256E-04   2.49569546E-03   2.40801918E+02
     111   1.55204989E-03   8.60311772E-04   1.47598310E-04   2.55995997E-03   2.47002602E+02
     112   1.53196601E-03   6.52414760E-04   7.77052056E-05   2.26208597E-03   2.18261663E+02
     113   1.27785885E-03   9.61029616E-04   8.59845815E-05   2.32487305E-03   2.24319793E+02
     114   1.59447865E-03   7.40628420E-04   9.04556235E-05   2.42556269E-03   2.34035025E+02
     115   1.43801785E-03   7.02122009E-04   1.05541537E-04   2.24568139E-03   2.16678836E+02
     116   1.85455394E-03   1.27707911E-03   1.62899730E-04   3.29453278E-03   3.17879255E+02
     117   1.21115034E-03   8.78438379E-04   7.17615237E-05   2.16135024E-03   2.08541985E+02
     118   1.36383775E-03   7.23215296E-04   7.02110024E-05   2.15726405E-03   2.08147721E+02
     119   1.19567121E-03   7.27999717E-04   1.19360318E-04   2.04303124E-03   1.97125751E+02
     120   1.53130824E-03   8.40578167E-04   1.12718562E-04   2.48460497E-03   2.39731831E+02
     121   1.49079226E-03   6.63871369E-04   9.11670551E-05   2.24583068E-03   2.16693240E+02
     122   1.47041942E-03   7.62499821E-04   9.91638499E-05   2.33208309E-03   2.25015468E+02
     123   1.50941163E-03   6.30962527E-04   7.94571645E-05   2.21983132E-03   2.14184643E+02
     124   1.42285676E-03   7.39697496E-04   1.39171903E-04   2.30172616E-03   2.22086422E+02
     125   1.67309747E-03   9.79356032E-04   8.61163039E-05   2.73856980E-03   2.64236111E+02
     126   1.47553192E-03   9.85723515E-04   9.35276131E-05   2.55478305E-03   2.46503096E+02
     127   1.53421631E-03   5.75295354E-04   8.60746839E-05   2.19558635E-03   2.11845321E+02
     128   1.33175500E-03   5.94206979E-04   7.27633313E-05   1.99872531E-03   1.92850809E+02
     129   1.48161753E-03   1.03919497E-03   1.72481405E-04   2.69329390E-03   2.59867579E+02
     130   1.37493963E-03   5.77164456E-04   1.42659464E-04   2.09476355E-03   2.02117241E+02
     131   1.32671968E-03   9.68597659E-04   1.16333268E-04   2.41165060E-03   2.32692690E+02
     132   1.54462786E-03   1.07719582E-03   1.32738044E-04   2.75456172E-03   2.65779122E+02
     133   1.45345093E-03   6.89522591E-04   7.35784651E-05   2.21655199E-03   2.13868230E+02
     134   1.52623977E-03   5.80788307E-04   7.49150904E-05   2.18194317E-03   2.10528932E+02
     135   1.41691320E-03   5.99095885E-04   1.06843801E-04   2.12285288E-03   2.04827494E+02
     136   1.45755858E-03   7.54405746E-04   1.62310225E-04   2.37427455E-03   2.29086391E+02
     137   1.23913608E-03   7.45868395E-04   8.03911775E-05   2.06539566E-03   1.99283624E+02
     138   1.28971107E-03   7.75422043E-04   1.11258579E-04   2.17639169E-03   2.09993287E+02
     139   1.51973296E-03   8.59068859E-04   9.29527540E-05   2.47175457E-03   2.38491936E+02
     140   1.26950406E-03   7.74443688E-04   1.01566754E-04   2.14551450E-03   2.07014043E+02
     141   1.49304949E-03   9.55623624E-04   1.46505956E-04   2.59517907E-03   2.50400783E+02
     142   1.62965127E-03   6.91266671E-04   6.75346626E-05   2.38845261E-03   2.30454388E+02
     143   1.37720278E-03   6.15506855E-04   8.74554732E-05   2.08016511E-03   2.00708682E+02
     144   1.33227882E-03   7.86352206E-04   1.05599173E-04   2.22423020E-03   2.14609077E+02
     145   1.34456476E-03   6.33298839E-04   7.63802570E-05   2.05424385E-03   1.98207621E+02
     146   1.47471372E-03   6.29146960E-04   1.00631618E-04   2.20449230E-03   2.12704628E+02
     147   1.33297810E-03   9.80694526E-04   1.21582157E-04   2.43525479E-03   2.34970185E+02
     148   1.50057238E-03   8.83754309E-04   9.88902301E-05   2.48321691E-03   2.39597902E+02
     149   1.61312705E-03   1.00764940E-03   7.44009121E-05   2.69517736E-03   2.60049309E+02
     150   1.33160405E-03   7.55575535E-04   9.52523782E-05   2.18243197E-03   2.10576095E+02
     151   1.55874861E-03   7.28444159E-04   1.32874925E-04   2.42006770E-03   2.33504830E+02
     152   1.49569822E-03   1.15967860E-03   1.05786968E-04   2.76116379E-03   2.66416135E+02
     153   1.60532878E-03   6.47116195E-04   1.06914521E-04   2.35935950E-03   2.27647284E+02
     154   1.22846428E-03   1.08232622E-03   8.13535389E-05   2.39214404E-03   2.30810563E+02
     155   1.56697650E-03   8.73255454E-04   1.70163428E-04   2.61039538E-03   2.51868958E+02
     156   1.31156571E-03   7.58139290E-04   1.06465842E-04   2.17617084E-03   2.09971978E+02
     157   1.26415174E-03   7.66517425E-04   8.15464305E-05   2.11221560E-03   2.03801135E+02
     158   1.50082963E-03   9.72778360E-04   1.18755239E-04   2.59236323E-03   2.50129091E+02
     159   1.10154712E-03   6.87706936E-04   8.61553290E-05   1.87540939E-03   1.80952438E+02
     160   1.38596500E-03   6.74922681E-04   9.37252370E-05   2.15461291E-03   2.07891921E+02
     161   1.62561538E-03   6.59792898E-04   8.46211656E-05   2.37002944E-03   2.28676793E+02
     162   1.45327475E-03   7.80207155E-04   1.32853604E-04   2.36633551E-03   2.28320378E+02
     163   1.74968257E-03   9.19875088E-04   8.46617076E-05   2.75421937E-03   2.65746089E+02
     164   1.31172355E-03   6.86325419E-04   1.31492091E-04   2.12954106E-03   2.05472815E+02
     165   1.49375428E-03   7.55901079E-04   9.13799797E-05   2.34103534E-03   2.25879243E+02
     166   1.43825786E-03   1.17888335E-03   1.37700802E-04   2.75484201E-03   2.65806165E+02
     167   1.23852038E-03   6.05281973E-04   9.31600744E-05   1.93696242E-03   1.86891500E+02
     168   1.31889905E-03   9.47454081E-04   1.07465636E-04   2.37381877E-03   2.29042414E+02
     169   1.40298345E-03   7.24932238E-04   8.21308197E-05   2.21004651E-03   2.13240536E+02
     170   1.23768882E-03   6.31050744E-04   1.26265488E-04   1.99500506E-03   1.92491853E+02
     171   1.49495286E-03   7.16506985E-04   8.32279599E-05   2.29468780E-03   2.21407312E+02
     172   1.36050097E-03   8.62863783E-04   6.99036198E-05   2.29326837E-03   2.21270356E+02
     173   1.55644704E-03   8.08903739E-04   1.19818250E-04   2.48516902E-03   2.39786255E+02
     174   1.36405260E-03   7.06161222E-04   9.15792036E-05   2.16179302E-03   2.08584707E+02
     175   1.37480014E-03   8.41890526E-04   1.41623580E-04   2.35831425E-03   2.27546431E+02
     176   1.28352651E-03   5.26847929E-04   6.66773981E-05   1.87705184E-03   1.81110913E+02

 # Supergroup; Entropies in eV/K [trans, rot, vib]; Total entropy in eV/K; Total entropy in J/K
       1   1.72584589E-01   1.34245348E-01   1.82804948E-02   3.25110432E-01   3.13688978E+04
