 # Group; Entropies in eV/K [trans, rot, vib]; Total entropy in eV/K; Total entropy in J/K
       1   1.28723040E-03   1.10438741E-03   1.09710564E-04   2.50132837E-03   2.41345421E+02
       2   1.38257332E-03   7.73879819E-04   9.71637932E-05   2.25361693E-03   2.17444511E+02
       3   1.35169049E-03   7.95071994E-04   9.59544259E-05   2.24271691E-03   2.16392802E+02
       4   1.25518091E-03   6.61917393E-04   9.36800476E-05   2.01077835E-03   1.94013770E+02
       5   1.29860073E-03   8.69703198E-04   1.22016539E-04   2.29032046E-03   2.20985922E+02
       6   1.54422425E-03   6.61299154E-04   1.02893308E-04   2.30841671E-03   2.22731973E+02
       7   1.47742300E-03   8.16612481E-04   1.13957080E-04   2.40799256E-03   2.32339737E+02
       8   1.34519712E-03   6.41549080E-04   1.05517774E-04   2.09226397E-03   2.01876065E+02
       9   1.31800295E-03   6.67299422E-04   1.12530791E-04   2.09783316E-03   2.02413418E+02
      10   1.34693733E-03   7.77036483E-04   7.94962059E-05   2.20347002E-03   2.12605992E+02
      11   1.54598216E-03   1.14413796E-03   1.34546186E-04   2.82466631E-03   2.72543296E+02
      12   1.19677786E-03   6.93500360E-04   1.09990730E-04   2.00026895E-03   1.92999750E+02
      13   1.34956146E-03   1.25443298E-03   3.11698264E-04   2.91569271E-03   2.81326151E+02
      14   1.35452504E-03   9.33990508E-04   1.05345731E-04   2.39386128E-03   2.30976254E+02
      15   1.21084457E-03   1.01619549E-03   7.86210427E-05   2.30566110E-03   2.22466092E+02
      16   1.13907728E-03   8.28150719E-04   1.16245117E-04   2.08347312E-03   2.01027863E+02
      17   1.34402162E-03   8.42450007E-04   1.17736421E-04   2.30420805E-03   2.22325892E+02
      18   1.28083559E-03   8.69000695E-04   1.20492687E-04   2.27032897E-03   2.19057005E+02
      19   1.48434620E-03   7.48710906E-04   1.24242150E-04   2.35729926E-03   2.27448498E+02
      20   1.46665211E-03   8.12707802E-04   9.97671365E-05   2.37912705E-03   2.29554594E+02
      21   1.41188325E-03   7.45192870E-04   5.87679740E-05   2.21584410E-03   2.13799928E+02
      22   1.59563979E-03   9.62006496E-04   1.10766848E-04   2.66841314E-03   2.57466912E+02
      23   1.21248262E-03   4.90751207E-04   8.24337457E-05   1.78566757E-03   1.72293528E+02
      24   1.53407209E-03   8.19446928E-04   1.04240906E-04   2.45775992E-03   2.37141636E+02
      25   1.31809438E-03   6.09316468E-04   6.48215235E-05   1.99223237E-03   1.92224325E+02
      26   1.31105746E-03   8.67627702E-04   9.62124458E-05   2.27489760E-03   2.19497818E+02
      27   1.16228415E-03   7.12151655E-04   9.27238471E-05   1.96715965E-03   1.89805136E+02
      28   1.54538128E-03   8.36788952E-04   9.46732906E-05   2.47684353E-03   2.38982954E+02
      29   1.46448821E-03   8.02216527E-04   8.82596355E-05   2.35496437E-03   2.27223212E+02
      30   1.38078427E-03   8.96983362E-04   1.69459097E-04   2.44722673E-03   2.36125320E+02
      31   1.13952426E-03   9.13487369E-04   1.30625335E-04   2.18363696E-03   2.10692361E+02
      32   1.41235943E-03   1.02123952E-03   9.80038019E-05   2.53160275E-03   2.44266501E+02
      33   1.23648330E-03   8.21942781E-04   8.81038366E-05   2.14652992E-03   2.07112018E+02
      34   1.32195974E-03   7.47273654E-04   9.34236016E-05   2.16265700E-03   2.08668070E+02
      35   1.32040427E-03   6.39079437E-04   8.91147718E-05   2.04859847E-03   1.97662916E+02
      36   1.34274962E-03   7.19600296E-04   1.23781534E-04   2.18613145E-03   2.10933046E+02
      37   1.35686118E-03   1.05323092E-03   1.00889282E-04   2.51098138E-03   2.42276809E+02
      38   1.21382576E-03   4.36483231E-04   7.55122076E-05   1.72582120E-03   1.66519138E+02
      39   1.30127103E-03   7.01705134E-04   9.35236182E-05   2.09649978E-03   2.02284765E+02
      40   1.34439232E-03   7.28783756E-04   7.40778744E-05   2.14725395E-03   2.07181877E+02
      41   1.21858878E-03   6.99666800E-04   1.08354334E-04   2.02660991E-03   1.95541308E+02
      42   1.24898505E-03   5.60017821E-04   8.23265135E-05   1.89132938E-03   1.82488509E+02
      43   1.65368468E-03   8.98162036E-04   1.17120320E-04   2.66896703E-03   2.57520355E+02
      44   1.46014388E-03   7.40443587E-04   8.53405738E-05   2.28592805E-03   2.20562111E+02
      45   1.34410298E-03   9.82603556E-04   1.05313053E-04   2.43201959E-03   2.34658031E+02
      46   1.38497869E-03   6.21116833E-04   1.36385401E-04   2.14248092E-03   2.06721343E+02
      47   1.55728902E-03   9.22164652E-04   7.30360379E-05   2.55248971E-03   2.46281819E+02
      48   1.48472381E-03   9.81024532E-04   2.90889009E-04   2.75663735E-03   2.65979392E+02
      49   1.52767681E-03   9.11752643E-04   1.06211356E-04   2.54564081E-03   2.45620991E+02
      50   1.48103683E-03   8.84910470E-04   7.71138496E-05   2.44306115E-03   2.35723397E+02
      51   1.22138843E-03   8.65225519E-04   8.58433609E-05   2.17245730E-03   2.09613671E+02
      52   1.34461356E-03   8.57467560E-04   9.06693647E-05   2.29275049E-03   2.21220387E+02
      53   1.82100340E-03   7.81318135E-04   1.24977410E-04   2.72729894E-03   2.63148620E+02
      54   1.60193733E-03   8.89546594E-04   1.00216845E-04   2.59170077E-03   2.50065173E+02
      55   1.15557393E-03   7.06676421E-04   1.06742976E-04   1.96899332E-03   1.89982062E+02
      56   1.51755069E-03   6.99416157E-04   8.27575277E-05   2.29972438E-03   2.21893276E+02
      57   1.34692496E-03   6.19787255E-04   6.15718978E-05   2.02828411E-03   1.95702846E+02
      58   1.29374212E-03   1.01374828E-03   8.16354390E-05   2.38912584E-03   2.30519346E+02
      59   1.57599063E-03   7.30157202E-04   9.99648518E-05   2.40611269E-03   2.32158354E+02
      60   1.49105676E-03   6.65123857E-04   1.10311903E-04   2.26649252E-03   2.18686838E+02
      61   1.17950857E-03   8.05802757E-04   9.16535836E-05   2.07696491E-03   2.00399905E+02
      62   1.16227944E-03   7.28398493E-04   7.72844709E-05   1.96796241E-03   1.89882592E+02
      63   1.40664153E-03   7.57029135E-04   1.04178650E-04   2.26784932E-03   2.18817751E+02
      64   1.31553549E-03   7.50472365E-04   1.04910235E-04   2.17091809E-03   2.09465157E+02
      65   1.51377981E-03   7.42047018E-04   8.25485468E-05   2.33837538E-03   2.25622591E+02
      66   1.57280811E-03   1.13706191E-03   9.04500328E-05   2.80032005E-03   2.70194201E+02
      67   1.17841537E-03   6.31247523E-04   1.18001329E-04   1.92766422E-03   1.85994345E+02
      68   1.86147027E-03   1.30595268E-03   1.42624636E-04   3.31004759E-03   3.19376230E+02
      69   1.38969811E-03   8.29320431E-04   1.14445182E-04   2.33346373E-03   2.25148681E+02
      70   1.26927553E-03   7.80555295E-04   9.15640897E-05   2.14139491E-03   2.06616557E+02
      71   1.28300087E-03   6.00954500E-04   9.55352344E-05   1.97949061E-03   1.90994912E+02
      72   1.28956086E-03   1.08338822E-03   1.02454563E-04   2.47540364E-03   2.38844024E+02
      73   1.53292257E-03   6.41595484E-04   1.17374385E-04   2.29189243E-03   2.21137596E+02
      74   1.24311444E-03   8.77936828E-04   9.77024524E-05   2.21875372E-03   2.14080668E+02
      75   1.47690198E-03   6.08610108E-04   1.08269956E-04   2.19378205E-03   2.11671229E+02
      76   1.34699597E-03   7.61818374E-04   1.55210085E-04   2.26402442E-03   2.18448698E+02
      77   1.14099952E-03   5.49640554E-04   1.10036860E-04   1.80067693E-03   1.73741735E+02
      78   1.55694047E-03   1.15302184E-03   9.94054608E-05   2.80936777E-03   2.71067187E+02
      79   1.57161719E-03   6.23119191E-04   1.07012459E-04   2.30174884E-03   2.22088610E+02
      80   1.22363194E-03   5.52368808E-04   8.76072848E-05   1.86360803E-03   1.79813761E+02
      81   1.44426899E-03   7.97829035E-04   1.27561330E-04   2.36965935E-03   2.28641085E+02
      82   1.50920179E-03   1.06754123E-03   8.38032410E-05   2.66054626E-03   2.56707861E+02
      83   1.63611632E-03   9.83589169E-04   8.83338004E-05   2.70803929E-03   2.61290317E+02
      84   1.47071413E-03   8.84463186E-04   9.28450246E-05   2.44802234E-03   2.36202086E+02
      85   1.44353694E-03   6.07095517E-04   7.77311881E-05   2.12836364E-03   2.05359210E+02
      86   1.43322924E-03   9.78853544E-04   9.53356585E-05   2.50741844E-03   2.41933032E+02
      87   1.23559419E-03   5.21033887E-04   6.67974913E-05   1.82342557E-03   1.75936681E+02
      88   1.46204496E-03   1.11808143E-03   9.93776949E-05   2.67950409E-03   2.58537043E+02
      89   1.20872507E-03   8.79708148E-04   1.04695053E-04   2.19312827E-03   2.11608148E+02
      90   1.16441153E-03   7.29484025E-04   1.03067914E-04   1.99696347E-03   1.92680815E+02
      91   1.03588437E-03   7.85853972E-04   9.91705263E-05   1.92090887E-03   1.85342542E+02
      92   1.24081121E-03   8.36292576E-04   8.00616224E-05   2.15716540E-03   2.08138203E+02
      93   1.71575136E-03   7.60434942E-04   1.01340155E-04   2.57752646E-03   2.48697538E+02
      94   1.30597355E-03   1.01178225E-03   1.62572117E-04   2.48032791E-03   2.39319151E+02
      95   1.57160054E-03   8.75211482E-04   8.35125772E-05   2.53032460E-03   2.44143177E+02
      96   1.45593721E-03   6.89279699E-04   9.75105888E-05   2.24272750E-03   2.16393824E+02
      97   1.31173070E-03   7.23341065E-04   9.93425799E-05   2.13441434E-03   2.05943023E+02
      98   1.53927007E-03   9.32621423E-04   1.28894234E-04   2.60078573E-03   2.50941753E+02
      99   1.22544988E-03   7.22150474E-04   6.56996256E-05   2.01329998E-03   1.94257073E+02
     100   1.36097023E-03   8.29899263E-04   1.22182865E-04   2.31305235E-03   2.23179251E+02
     101   1.23045748E-03   6.48497775E-04   8.13609441E-05   1.96031620E-03   1.89144833E+02
     102   1.53569254E-03   8.20313992E-04   1.20147227E-04   2.47615375E-03   2.38916400E+02
     103   1.22729094E-03   6.54620316E-04   9.01562318E-05   1.97206749E-03   1.90278678E+02
     104   1.52347195E-03   8.80889427E-04   9.20246280E-05   2.49638600E-03   2.40868547E+02
     105   1.20608580E-03   5.77346124E-04   8.74343553E-05   1.87086628E-03   1.80514088E+02
     106   1.27202986E-03   6.75907935E-04   6.96430643E-05   2.01758086E-03   1.94670122E+02
     107   1.40475743E-03   5.62757379E-04   9.40740505E-05   2.06158886E-03   1.98916318E+02
     108   1.12645675E-03   6.35362893E-04   1.13532421E-04   1.87535207E-03   1.80946907E+02
     109   1.62078199E-03   7.87612439E-04   8.29956396E-05   2.49139007E-03   2.40386505E+02
     110   1.44144368E-03   1.04070551E-03   1.00975256E-04   2.58312445E-03   2.49237670E+02
     111   1.48711474E-03   1.03220055E-03   1.47598310E-04   2.66691360E-03   2.57322226E+02
     112   1.44942557E-03   7.38456017E-04   7.77052056E-05   2.26558679E-03   2.18599446E+02
     113   1.20675863E-03   1.15466654E-03   8.59845815E-05   2.44740974E-03   2.36142979E+02
     114   1.50237246E-03   7.41193481E-04   9.04556235E-05   2.33402157E-03   2.25202506E+02
     115   1.37394232E-03   7.18247577E-04   1.05541537E-04   2.19773144E-03   2.12052293E+02
     116   1.80847225E-03   1.39199654E-03   1.62899730E-04   3.36336851E-03   3.24521002E+02
     117   1.19607793E-03   8.95239220E-04   7.17615237E-05   2.16307867E-03   2.08708756E+02
     118   1.31642132E-03   7.64092504E-04   7.02110024E-05   2.15072483E-03   2.07516772E+02
     119   1.12029160E-03   8.06030134E-04   1.19360318E-04   2.04568205E-03   1.97381519E+02
     120   1.44405510E-03   9.56560226E-04   1.12718562E-04   2.51333389E-03   2.42503795E+02
     121   1.40386977E-03   7.58526697E-04   9.11670551E-05   2.25356352E-03   2.17439358E+02
     122   1.41827303E-03   8.24002316E-04   9.91638499E-05   2.34143920E-03   2.25918210E+02
     123   1.42841292E-03   6.98643053E-04   7.94571645E-05   2.20651314E-03   2.12899613E+02
     124   1.38057016E-03   7.46519493E-04   1.39171903E-04   2.26626155E-03   2.18664552E+02
     125   1.67317880E-03   1.05147464E-03   8.61163039E-05   2.81076975E-03   2.71202459E+02
     126   1.44307357E-03   1.13994210E-03   9.35276131E-05   2.67654329E-03   2.58251365E+02
     127   1.46161650E-03   6.49682745E-04   8.60746839E-05   2.19737393E-03   2.12017799E+02
     128   1.25358067E-03   6.32993886E-04   7.27633313E-05   1.95933789E-03   1.89050439E+02
     129   1.40237233E-03   1.16365081E-03   1.72481405E-04   2.73850455E-03   2.64229814E+02
     130   1.31392041E-03   6.57227168E-04   1.42659464E-04   2.11380705E-03   2.03954689E+02
     131   1.29395928E-03   1.14625600E-03   1.16333268E-04   2.55654855E-03   2.46673444E+02
     132   1.45396230E-03   1.37662329E-03   1.32738044E-04   2.96332363E-03   2.85921911E+02
     133   1.40111454E-03   7.20304820E-04   7.35784651E-05   2.19499783E-03   2.11788536E+02
     134   1.47035606E-03   6.53585391E-04   7.49150904E-05   2.19885654E-03   2.12160851E+02
     135   1.34218166E-03   5.95151989E-04   1.06843801E-04   2.04417745E-03   1.97236345E+02
     136   1.38161460E-03   8.58272314E-04   1.62310225E-04   2.40219714E-03   2.31780556E+02
     137   1.21067282E-03   8.32198987E-04   8.03911775E-05   2.12326299E-03   2.04867063E+02
     138   1.23505201E-03   7.79253103E-04   1.11258579E-04   2.12556370E-03   2.05089052E+02
     139   1.49227579E-03   8.84027515E-04   9.29527540E-05   2.46925605E-03   2.38250862E+02
     140   1.21488311E-03   8.45399834E-04   1.01566754E-04   2.16184970E-03   2.08590175E+02
     141   1.42570948E-03   9.82275645E-04   1.46505956E-04   2.55449108E-03   2.46474925E+02
     142   1.58342490E-03   6.96214816E-04   6.75346626E-05   2.34717438E-03   2.26471580E+02
     143   1.32425756E-03   6.59609619E-04   8.74554732E-05   2.07132265E-03   1.99855501E+02
     144   1.25470217E-03   8.24557611E-04   1.05599173E-04   2.18485896E-03   2.10810268E+02
     145   1.28396477E-03   6.92331106E-04   7.63802570E-05   2.05267614E-03   1.98056357E+02
     146   1.44339594E-03   7.42430319E-04   1.00631618E-04   2.28645788E-03   2.20613233E+02
     147   1.26200152E-03   1.08353451E-03   1.21582157E-04   2.46711818E-03   2.38044585E+02
     148   1.41144463E-03   1.02990940E-03   9.88902301E-05   2.54024426E-03   2.45100294E+02
     149   1.54980080E-03   1.10285542E-03   7.44009121E-05   2.72705713E-03   2.63125289E+02
     150   1.29302705E-03   8.73092162E-04   9.52523782E-05   2.26137159E-03   2.18192735E+02
     151   1.50355193E-03   8.51293613E-04   1.32874925E-04   2.48772047E-03   2.40032436E+02
     152   1.45584062E-03   1.55068426E-03   1.05786968E-04   3.11231185E-03   3.00297322E+02
     153   1.51170529E-03   6.79118351E-04   1.06914521E-04   2.29773816E-03   2.21701632E+02
     154   1.17663314E-03   1.12011632E-03   8.13535389E-05   2.37810300E-03   2.29455786E+02
     155   1.51103864E-03   9.59338837E-04   1.70163428E-04   2.64054090E-03   2.54777606E+02
     156   1.27815901E-03   8.16459112E-04   1.06465842E-04   2.20108397E-03   2.12375769E+02
     157   1.19370770E-03   8.11629831E-04   8.15464305E-05   2.08688396E-03   2.01356964E+02
     158   1.41423004E-03   1.13758612E-03   1.18755239E-04   2.67057140E-03   2.57675155E+02
     159   1.03867594E-03   7.71361837E-04   8.61553290E-05   1.89619310E-03   1.82957795E+02
     160   1.30776691E-03   6.88234396E-04   9.37252370E-05   2.08972654E-03   2.01631236E+02
     161   1.56763005E-03   7.37127752E-04   8.46211656E-05   2.38937896E-03   2.30543769E+02
     162   1.42448610E-03   8.87264136E-04   1.32853604E-04   2.44460384E-03   2.35872246E+02
     163   1.65267791E-03   1.10025009E-03   8.46617076E-05   2.83758971E-03   2.73790235E+02
     164   1.24540148E-03   7.69096416E-04   1.31492091E-04   2.14598999E-03   2.07059921E+02
     165   1.42325154E-03   8.28160230E-04   9.13799797E-05   2.34279175E-03   2.26048713E+02
     166   1.36788557E-03   1.26544716E-03   1.37700802E-04   2.77103354E-03   2.67368436E+02
     167   1.17184420E-03   6.64090923E-04   9.31600744E-05   1.92909520E-03   1.86132415E+02
     168   1.24738671E-03   1.00078381E-03   1.07465636E-04   2.35563616E-03   2.27288031E+02
     169   1.33037777E-03   8.31982053E-04   8.21308197E-05   2.24449064E-03   2.16563944E+02
     170   1.22380364E-03   7.04106355E-04   1.26265488E-04   2.05417548E-03   1.98201024E+02
     171   1.45425873E-03   7.38053110E-04   8.32279599E-05   2.27553980E-03   2.19559782E+02
     172   1.29359396E-03   1.00981712E-03   6.99036198E-05   2.37331470E-03   2.28993778E+02
     173   1.49986555E-03   8.30763436E-04   1.19818250E-04   2.45044723E-03   2.36436057E+02
     174   1.29591644E-03   7.86765504E-04   9.15792036E-05   2.17426114E-03   2.09787717E+02
     175   1.32453940E-03   1.02237502E-03   1.41623580E-04   2.48853801E-03   2.40111318E+02
     176   1.22428279E-03   5.73519427E-04   6.66773981E-05   1.86447961E-03   1.79897858E+02

 # Supergroup; Entropies in eV/K [trans, rot, vib]; Total entropy in eV/K; Total entropy in J/K
       1   1.63643405E-01   1.46441228E-01   1.82804948E-02   3.28365128E-01   3.16829332E+04
