 # Group no.; effective deg. of freedom [CM; rot; vib]; Voronoi volume (nm^3); weight; supergroup
       1      2.9464      3.8646     10.8160      0.1711  1.0000         1
       2      2.9644      2.7737     10.8878      0.1994  1.0000         1
       3      3.1394      3.0937     10.5165      0.1450  1.0000         1
       4      2.6406      2.5868     10.0188      0.1589  1.0000         1
       5      2.9802      3.3235     10.7040      0.1617  1.0000         1
       6      3.5293      2.3522      8.6641      0.1710  1.0000         1
       7      3.3552      3.0777     11.3799      0.1661  1.0000         1
       8      2.8028      2.4820     10.7441      0.1782  1.0000         1
       9      2.9587      2.5158     10.4311      0.1652  1.0000         1
      10      2.9425      3.0196      7.8616      0.1917  1.0000         1
      11      3.5671      3.9596      8.6208      0.1912  1.0000         1
      12      2.6590      2.7322      8.8791      0.1475  1.0000         1
      13      3.2096      4.7089     10.7004      0.1588  1.0000         1
      14      3.3498      3.3532      8.8522      0.1848  1.0000         1
      15      2.6842      3.6499      8.7524      0.1536  1.0000         1
      16      2.6676      3.1010      9.3445      0.1864  1.0000         1
      17      3.0769      3.2465      9.2058      0.1537  1.0000         1
      18      2.6403      2.9444     12.2357      0.1856  1.0000         1
      19      3.5115      2.7911      7.2026      0.1754  1.0000         1
      20      3.4893      3.0139      9.6811      0.1809  1.0000         1
      21      3.2954      2.7857      6.9005      0.1547  1.0000         1
      22      3.7227      3.3887     11.2908      0.1670  1.0000         1
      23      2.5815      1.9589     11.3435      0.1468  1.0000         1
      24      3.5294      2.9223      9.9418      0.1827  1.0000         1
      25      2.8849      2.3967      7.6492      0.1719  1.0000         1
      26      2.9988      3.1330     11.1662      0.1747  1.0000         1
      27      2.5274      2.6387      8.6215      0.1565  1.0000         1
      28      3.6927      3.0006      5.8342      0.1956  1.0000         1
      29      3.6593      3.1438      7.1960      0.1498  1.0000         1
      30      3.0483      3.2309      9.8723      0.1949  1.0000         1
      31      2.2641      3.0603      9.9723      0.1668  1.0000         1
      32      3.2654      3.5192     12.6138      0.2050  1.0000         1
      33      2.7728      3.1562     10.6926      0.1529  1.0000         1
      34      3.0625      2.8167      7.2453      0.1528  1.0000         1
      35      3.1218      2.4107      7.5381      0.1677  1.0000         1
      36      3.1966      2.8005      9.3098      0.1611  1.0000         1
      37      3.1413      3.8363      8.0215      0.1790  1.0000         1
      38      2.7873      1.7007      9.7721      0.1374  1.0000         1
      39      2.8230      2.7157      8.4223      0.1782  1.0000         1
      40      3.1130      2.8344      6.7258      0.1485  1.0000         1
      41      2.8073      2.7100     11.7621      0.1599  1.0000         1
      42      2.8310      2.2432      8.8704      0.1641  1.0000         1
      43      4.0796      3.2905      8.8009      0.1867  1.0000         1
      44      3.6891      2.6117      8.2983      0.1698  1.0000         1
      45      2.8824      3.4905      9.9038      0.2025  1.0000         1
      46      3.0746      2.4577     13.4537      0.1826  1.0000         1
      47      4.0352      3.2362      9.0652      0.1849  1.0000         1
      48      3.5766      3.6214     10.0664      0.1854  1.0000         1
      49      3.7558      3.3211      9.2056      0.1676  1.0000         1
      50      3.4652      3.1324     10.0430      0.1794  1.0000         1
      51      2.6650      3.0651     10.6517      0.2002  1.0000         1
      52      2.9531      3.1451      6.5309      0.1578  1.0000         1
      53      4.2375      3.1724     10.7674      0.1679  1.0000         1
      54      3.6460      3.0695      9.5079      0.1778  1.0000         1
      55      2.5558      2.6375      8.6495      0.1730  1.0000         1
      56      3.5289      2.7065      9.8825      0.1643  1.0000         1
      57      3.5053      2.2600      9.4311      0.1806  1.0000         1
      58      3.0847      3.5827     10.4552      0.1969  1.0000         1
      59      3.5682      2.9102      8.5809      0.1631  1.0000         1
      60      3.5677      2.6286      9.5848      0.1511  1.0000         1
      61      2.5045      3.0753      6.5294      0.1777  1.0000         1
      62      2.4295      2.7164      6.9922      0.1909  1.0000         1
      63      3.4240      2.7653      8.7881      0.1931  1.0000         1
      64      3.0006      2.8352      8.0315      0.1850  1.0000         1
      65      3.6188      2.8842      9.0362      0.1618  1.0000         1
      66      3.5613      3.6705      8.5847      0.1958  1.0000         1
      67      2.6696      2.5011     10.3085      0.1520  1.0000         1
      68      4.4283      4.6344     13.1854      0.1915  1.0000         1
      69      3.1539      2.9629     10.4874      0.1856  1.0000         1
      70      2.8898      2.9125     10.6287      0.1604  1.0000         1
      71      2.7292      2.2976     10.4555      0.1774  1.0000         1
      72      2.8942      3.9627     10.2623      0.1648  1.0000         1
      73      3.5782      2.5194     10.2082      0.1697  1.0000         1
      74      2.8991      3.1465     10.1909      0.1693  1.0000         1
      75      3.6285      2.3898     11.3709      0.1649  1.0000         1
      76      3.1445      2.9192     12.5411      0.1383  1.0000         1
      77      2.5780      2.0329     12.9454      0.1654  1.0000         1
      78      3.5248      3.9910      5.7956      0.1796  1.0000         1
      79      3.4395      2.2033      8.5725      0.1999  1.0000         1
      80      2.6191      2.1887     13.5251      0.1779  1.0000         1
      81      3.6634      2.7501      7.3125      0.1708  1.0000         1
      82      3.3574      3.5689      8.5604      0.1784  1.0000         1
      83      4.1782      3.5894      6.9609      0.1588  1.0000         1
      84      3.4074      3.2744      7.6968      0.1627  1.0000         1
      85      3.5501      2.3021      7.2053      0.1549  1.0000         1
      86      3.1912      3.2874     10.7836      0.1911  1.0000         1
      87      2.6073      2.0455      8.8384      0.1930  1.0000         1
      88      3.4635      4.0957     10.1418      0.1654  1.0000         1
      89      2.4856      3.2715     11.2169      0.1834  1.0000         1
      90      2.5386      2.7208      8.8188      0.1660  1.0000         1
      91      2.3803      3.1753     10.6887      0.1462  1.0000         1
      92      2.9001      3.1203      7.6761      0.1612  1.0000         1
      93      4.2263      2.9854     11.4682      0.1669  1.0000         1
      94      2.9213      3.5916     10.6377      0.1820  1.0000         1
      95      3.4097      2.8948      7.8513      0.2000  1.0000         1
      96      3.4280      2.6349      9.6874      0.1578  1.0000         1
      97      2.8173      2.9667     11.2001      0.1710  1.0000         1
      98      3.7171      3.2863     13.5519      0.1728  1.0000         1
      99      2.7956      2.6456      5.6564      0.1748  1.0000         1
     100      2.9466      3.0081     10.4927      0.1875  1.0000         1
     101      2.8503      2.4777      7.1667      0.1593  1.0000         1
     102      3.4629      2.9668     10.3656      0.1739  1.0000         1
     103      2.6963      2.5753     10.1859      0.1585  1.0000         1
     104      3.4517      3.1602      6.7288      0.1669  1.0000         1
     105      2.4961      2.2794      9.5001      0.1838  1.0000         1
     106      2.8284      2.5557     10.6861      0.1655  1.0000         1
     107      3.1549      2.2650      9.2565      0.1549  1.0000         1
     108      2.5408      2.3835     10.1877      0.1740  1.0000         1
     109      3.9090      2.8595      8.1735      0.1906  1.0000         1
     110      3.1731      3.7588      9.9290      0.1794  1.0000         1
     111      3.4192      3.8173      9.8310      0.1904  1.0000         1
     112      3.3358      2.7750     10.2118      0.1439  1.0000         1
     113      2.6510      4.0442      7.9868      0.1701  1.0000         1
     114      3.6974      2.7671     10.8775      0.1641  1.0000         1
     115      3.2850      2.8887      9.8916      0.1404  1.0000         1
     116      4.3547      4.5791     11.5034      0.1785  1.0000         1
     117      2.7166      3.1804     10.1474      0.1605  1.0000         1
     118      3.2674      2.9446      8.6814      0.1522  1.0000         1
     119      2.4991      3.0778      7.3483      0.1787  1.0000         1
     120      3.1797      3.5435     10.6469      0.1794  1.0000         1
     121      3.0966      2.9101     10.0823      0.2026  1.0000         1
     122      3.0299      3.1206      8.2164      0.1596  1.0000         1
     123      3.2295      2.6869      6.9639      0.1761  1.0000         1
     124      3.2176      2.8063     10.0594      0.1652  1.0000         1
     125      3.8739      3.6441      8.9364      0.2133  1.0000         1
     126      3.4481      4.0561      9.5158      0.1923  1.0000         1
     127      3.3840      2.5547     10.1177      0.1508  1.0000         1
     128      2.8017      2.4283      8.9152      0.1675  1.0000         1
     129      3.0145      4.0547     12.1027      0.1812  1.0000         1
     130      2.7615      2.5290     11.2431      0.1801  1.0000         1
     131      2.9766      4.3538      9.1817      0.1868  1.0000         1
     132      3.3552      4.6747     13.1294      0.1830  1.0000         1
     133      3.2378      2.6729      8.3593      0.1581  1.0000         1
     134      3.4367      2.5769     10.4928      0.1618  1.0000         1
     135      3.1342      2.3320      8.6619      0.1537  1.0000         1
     136      3.1942      3.2856     12.0542      0.1695  1.0000         1
     137      2.7111      3.1392      9.2361      0.1526  1.0000         1
     138      2.8318      2.7683     11.1531      0.2022  1.0000         1
     139      3.4648      3.2669      7.9063      0.1846  1.0000         1
     140      2.5844      3.0719      9.0915      0.1894  1.0000         1
     141      3.2627      3.5618      9.9317      0.1841  1.0000         1
     142      3.8974      2.8190      7.4439      0.1747  1.0000         1
     143      2.9688      2.4530      9.1635      0.1567  1.0000         1
     144      2.7889      3.0935      7.8845      0.1578  1.0000         1
     145      2.8118      2.4329      9.4836      0.2042  1.0000         1
     146      3.2797      2.7289      7.0972      0.1808  1.0000         1
     147      2.8364      3.7990     11.3752      0.1772  1.0000         1
     148      3.2220      3.8025     10.5046      0.1749  1.0000         1
     149      3.5305      4.0074      6.2359      0.1851  1.0000         1
     150      3.0477      2.9725      9.5504      0.1852  1.0000         1
     151      3.2752      3.1617     11.0874      0.1936  1.0000         1
     152      3.3326      4.9993      9.4809      0.1930  1.0000         1
     153      3.4599      2.7515      7.8348      0.1685  1.0000         1
     154      2.5224      4.3829      9.6809      0.1622  1.0000         1
     155      3.6254      3.5484     11.3600      0.1639  1.0000         1
     156      2.8758      3.1075     12.2050      0.1706  1.0000         1
     157      2.6936      3.0450      9.8291      0.1767  1.0000         1
     158      3.1539      4.0117      9.1613      0.1653  1.0000         1
     159      2.2921      3.0265     10.4090      0.1385  1.0000         1
     160      2.7651      2.3828     10.2619      0.2086  1.0000         1
     161      3.5599      2.7679      7.6165      0.1706  1.0000         1
     162      3.6326      3.2535      9.9590      0.1713  1.0000         1
     163      3.7502      4.1078      8.0243      0.1483  1.0000         1
     164      2.7700      2.6596     11.3528      0.2033  1.0000         1
     165      3.1765      2.8854      9.9710      0.1630  1.0000         1
     166      3.1233      4.0666     10.6244      0.1742  1.0000         1
     167      2.3404      2.4134      6.4250      0.1820  1.0000         1
     168      2.6970      3.3853     10.5958      0.1832  1.0000         1
     169      2.8668      2.7749      9.2626      0.1801  1.0000         1
     170      2.6747      2.7234      8.5801      0.1540  1.0000         1
     171      3.3874      2.7578     12.1679      0.1801  1.0000         1
     172      2.8772      3.6010      6.3419      0.2057  1.0000         1
     173      3.5772      3.2443     10.2983      0.1581  1.0000         1
     174      3.0583      2.9395     10.0850      0.1487  1.0000         1
     175      3.0980      3.6668     10.2060      0.1847  1.0000         1
     176      2.5361      2.1230      9.0335      0.1665  1.0000         1
