  0.000000
  0.000000
  0.000000
  0.003800
  0.007000
  0.004000
  0.000000
  0.000000
  0.013200
  0.000000
  0.000000
  0.000000
  0.015000
  0.000400
  0.035000
  0.000000
  0.000000
  0.000000
  0.006600
  0.000000
  0.001000
  0.020800
  0.000000
  0.018400
  0.000000
  0.000000
  0.000000
  0.017400
  0.015200
  0.051600
  0.000000
  0.018800
  0.000200
  0.000000
  0.095800
  0.019600
  0.000800
  0.010200
  0.011000
  0.007400
  0.025800
  0.062600
  0.000000
  0.006800
  0.000000
  0.000000
  0.002400
  0.001400
  0.000000
  0.021600
  0.010800
  0.000000
  0.000000
  0.081000
  0.008000
  0.062000
  0.096000
  0.000000
  0.009200
  0.031200
  0.020600
  0.010400
  0.000000
  0.003000
  0.055600
  0.000000
  0.000800
  0.000000
  0.000800
  0.056600
  0.138600
  0.022600
  0.000000
  0.010000
  0.017400
  0.000000
  0.000000
  0.002800
  0.000800
  0.000000
  0.011600
  0.000000
  0.000000
  0.000000
  0.000000
  0.000600
  0.000000
  0.000200
  0.018200
  0.006400
  0.000000
  0.001800
  0.021800
  0.000000
  0.000000
  0.014000
  0.000000
  0.002000
  0.000200
  0.021000
  0.000000
  0.027200
  0.000000
  0.000000
  0.053200
  0.000000
  0.006800
  0.005800
  0.000000
  0.000000
  0.004200
  0.000000
  0.007200
  0.031000
  0.001400
  0.001000
  0.024600
  0.012400
  0.006000
  0.005600
  0.000000
  0.000000
  0.000600
  0.026800
  0.039400
  0.041200
  0.033000
  0.002400
  0.000000
  0.000000
  0.000000
  0.000000
  0.000000
  0.010200
  0.000000
  0.002200
  0.000000
  0.000000
  0.000000
  0.000000
  0.000800
  0.000000
  0.004200
  0.045800
  0.000000
  0.041000
  0.010000
  0.013000
  0.004400
  0.034000
  0.000000
  0.000800
  0.000000
  0.000000
  0.000000
  0.000000
  0.000200
  0.073800
  0.032000
  0.006400
  0.000000
  0.025000
  0.000000
  0.001600
  0.000000
  0.000400
  0.000000
  0.001800
