        5.820000000000000        0.223000000000000        1.045000000000000         O
        6.375000000000000       -0.494000000000000        1.436000000000000         H
        5.497000000000000        0.670000000000000        1.835000000000000         H
        6.162000000000000        2.502000000000000        8.993000000000000         O
        5.283000000000000        2.778000000000000        8.708000000000000         H
        6.354000000000000        2.023000000000000        8.135000000000000         H
        7.529000000000000        6.150000000000000        6.600000000000000         O
        8.422000000000001        5.980000000000000        6.214000000000000         H
        7.158000000000000        5.328000000000000        6.197000000000000         H
       11.936000000000000       10.657999999999999        0.647000000000000         O
       11.708000000000000       10.425000000000001        1.533000000000000         H
       12.888999999999999       10.784000000000001        0.682000000000000         H
        2.383000000000000        4.603000000000000        9.313000000000001         O
        2.483000000000000        3.878000000000000        9.901000000000000         H
        1.815000000000000        4.166000000000000        8.646000000000001         H
        9.518000000000001        0.129000000000000        9.680000000000000         O
        9.037000000000001        0.025000000000000        8.826000000000001         H
        9.122999999999999        0.950000000000000        9.981999999999999         H
        9.002000000000001        6.635000000000000        0.677000000000000         O
        9.613000000000000        6.849000000000000       -0.042000000000000         H
        8.776999999999999        7.548000000000000        0.907000000000000         H
        5.801000000000000        8.837000000000000        3.692000000000000         O
        6.107000000000000        9.119000000000000        2.812000000000000         H
        6.650000000000000        8.414999999999999        3.937000000000000         H
        6.096000000000000        7.502000000000000       11.090999999999999         O
        6.497000000000000        8.224000000000000       10.500999999999999         H
        5.639000000000000        8.065000000000000       11.779999999999999         H
        1.520000000000000        1.977000000000000        1.994000000000000         O
        2.222000000000000        2.301000000000000        1.372000000000000         H
        0.700000000000000        2.028000000000000        1.472000000000000         H
        7.293000000000000        3.622000000000000        1.835000000000000         O
        7.976000000000000        3.079000000000000        2.232000000000000         H
        7.043000000000000        3.133000000000000        1.070000000000000         H
        1.136000000000000        7.139000000000000        2.204000000000000         O
        0.861000000000000        6.378000000000000        1.660000000000000         H
        0.358000000000000        7.269000000000000        2.791000000000000         H
       12.400000000000000       13.292000000000000        7.350000000000000         O
       11.807000000000000       14.055000000000000        7.174000000000000         H
       11.920000000000000       12.595000000000001        6.923000000000000         H
        9.646000000000001        5.424000000000000        5.046000000000000         O
        9.026999999999999        5.738000000000000        4.315000000000000         H
        9.577000000000000        4.459000000000000        4.986000000000000         H
        7.951000000000000        1.807000000000000       11.034000000000001         O
        7.207000000000000        1.980000000000000       10.369000000000000         H
        7.572000000000000        1.008000000000000       11.468999999999999         H
        4.350000000000000       -1.189000000000000       10.948000000000000         O
        5.024000000000000       -0.675000000000000       11.441000000000001         H
        3.577000000000000       -0.825000000000000       11.359000000000000         H
       -4.076000000000000        6.247000000000000        3.193000000000000         O
       -4.655000000000000        5.470000000000000        3.108000000000000         H
       -3.739000000000000        6.333000000000000        2.288000000000000         H
        6.551000000000000        3.748000000000000        5.705000000000000         O
        6.750000000000000        2.815000000000000        5.657000000000000         H
        5.755000000000000        3.763000000000000        5.134000000000000         H
        3.090000000000000        3.046000000000000        4.467000000000000         O
        2.530000000000000        2.647000000000000        3.824000000000000         H
        2.640000000000000        3.853000000000000        4.655000000000000         H
        7.136000000000000        8.641000000000000        6.313000000000000         O
        7.321000000000000        7.674000000000000        6.234000000000000         H
        6.467000000000000        8.696000000000000        7.000000000000000         H
        0.319000000000000        5.674000000000000        0.390000000000000         O
        0.073000000000000        5.019000000000000       -0.221000000000000         H
        1.167000000000000        6.027000000000000        0.023000000000000         H
        2.109000000000000        6.892000000000000       10.820000000000000         O
        2.246000000000000        6.214000000000000       10.098000000000001         H
        2.751000000000000        7.570000000000000       10.576000000000001         H
        7.989000000000000        5.471000000000000        9.989000000000001         O
        7.914000000000000        5.861000000000000       10.882999999999999         H
        7.177000000000000        5.825000000000000        9.593000000000000         H
        2.502000000000000        7.464000000000000        4.557000000000000         O
        2.205000000000000        6.853000000000000        5.244000000000000         H
        2.100000000000000        6.976000000000000        3.795000000000000         H
       10.894000000000000        9.401000000000000        6.947000000000000         O
       11.481999999999999        9.520000000000000        7.721000000000000         H
       10.404999999999999        8.676000000000000        7.356000000000000         H
        7.093000000000000        9.502000000000001        9.563000000000001         O
        7.750000000000000        8.904000000000000        9.143000000000001         H
        7.566000000000000       10.164000000000000       10.077000000000000         H
        5.368000000000000        1.705000000000000        3.602000000000000         O
        5.305000000000000        0.858000000000000        4.035000000000000         H
        4.667000000000000        2.233000000000000        4.025000000000000         H
        7.648000000000000       10.185000000000000        1.923000000000000         O
        8.148999999999999        9.726000000000001        2.597000000000000         H
        8.346000000000000       10.577999999999999        1.373000000000000         H
        2.917000000000000       -1.634000000000000        1.406000000000000         O
        3.011000000000000       -1.233000000000000        2.257000000000000         H
        3.260000000000000       -2.549000000000000        1.440000000000000         H
       -0.065000000000000       11.744999999999999        3.448000000000000         O
        0.380000000000000       12.388999999999999        2.898000000000000         H
        0.695000000000000       11.276000000000000        3.806000000000000         H
        8.968999999999999        1.199000000000000        3.518000000000000         O
        8.717000000000001        0.261000000000000        3.576000000000000         H
        9.776000000000000        1.157000000000000        3.016000000000000         H
       -0.766000000000000        1.674000000000000        0.529000000000000         O
       -0.500000000000000        1.396000000000000       -0.357000000000000         H
       -1.529000000000000        2.251000000000000        0.330000000000000         H
       -0.406000000000000        8.933999999999999        4.513000000000000         O
        0.335000000000000        8.417000000000000        4.822000000000000         H
       -0.520000000000000        9.458000000000000        5.334000000000000         H
        3.751000000000000        8.090000000000000        9.095000000000001         O
        4.208000000000000        8.802000000000000        9.595000000000001         H
        4.505000000000000        7.494000000000000        9.048000000000000         H
        1.925000000000000       -1.897000000000000        7.307000000000000         O
        1.663000000000000       -1.394000000000000        8.106000000000000         H
        2.115000000000000       -2.733000000000000        7.784000000000000         H
        4.178000000000000       -0.660000000000000        8.047000000000001         O
        3.630000000000000       -1.349000000000000        7.661000000000000         H
        4.452000000000000       -1.091000000000000        8.882999999999999         H
        2.657000000000000       -1.588000000000000        4.391000000000000         O
        2.454000000000000       -1.387000000000000        5.311000000000000         H
        2.576000000000000       -2.555000000000000        4.404000000000000         H
        3.311000000000000        2.872000000000000       11.961000000000000         O
        4.107000000000000        2.420000000000000       11.725000000000000         H
        3.663000000000000        3.814000000000000       12.032000000000000         H
       -1.756000000000000        3.936000000000000       -0.370000000000000         O
       -2.297000000000000        3.710000000000000       -1.115000000000000         H
       -2.105000000000000        4.785000000000000       -0.075000000000000         H
        3.591000000000000        1.801000000000000        7.344000000000000         O
        3.141000000000000        1.803000000000000        6.506000000000000         H
        3.608000000000000        0.877000000000000        7.671000000000000         H
       10.827999999999999        8.305000000000000       -0.312000000000000         O
       11.561999999999999        7.740000000000000       -0.037000000000000         H
       11.138999999999999        9.179000000000000       -0.071000000000000         H
       12.773000000000000        5.509000000000000        5.442000000000000         O
       11.864000000000001        5.548000000000000        5.792000000000000         H
       13.057000000000000        4.723000000000000        5.950000000000000         H
       -0.307000000000000        4.208000000000000        7.857000000000000         O
       -0.298000000000000        3.587000000000000        8.619000000000000         H
       -1.225000000000000        4.053000000000000        7.578000000000000         H
        9.329000000000001       -0.445000000000000       12.368000000000000         O
        9.207000000000001       -0.671000000000000       11.436000000000000         H
       10.266999999999999       -0.179000000000000       12.340999999999999         H
        5.173000000000000       11.066000000000001        4.757000000000000         O
        5.489000000000000       10.141999999999999        4.897000000000000         H
        4.294000000000000       10.824999999999999        4.411000000000000         H
       12.147000000000000       10.164999999999999        9.657999999999999         O
       11.206000000000000       10.058999999999999        9.917000000000000         H
       12.318000000000000       10.980000000000000       10.129000000000000         H
        8.625000000000000       10.827000000000000        7.372000000000000         O
        9.480000000000000       10.585000000000001        6.974000000000000         H
        8.206000000000000        9.981999999999999        7.195000000000000         H
       -2.289000000000000        7.834000000000000        9.015000000000001         O
       -2.582000000000000        6.940000000000000        8.833000000000000         H
       -1.528000000000000        7.745000000000000        9.629000000000000         H
        4.620000000000000        7.680000000000000        1.369000000000000         O
        4.442000000000000        7.563000000000000        2.312000000000000         H
        4.302000000000000        6.885000000000000        0.945000000000000         H
        4.955000000000000        4.963000000000000        0.531000000000000         O
        5.303000000000000        5.679000000000000       -0.013000000000000         H
        5.719000000000000        4.847000000000000        1.123000000000000         H
        0.582000000000000       13.150000000000000       -1.977000000000000         O
        1.516000000000000       13.236000000000001       -1.770000000000000         H
        0.602000000000000       13.359999999999999       -2.939000000000000         H
        8.867000000000001        3.267000000000000        8.333000000000000         O
        7.960000000000000        3.262000000000000        7.979000000000000         H
        8.629000000000000        3.723000000000000        9.193000000000000         H
        5.554000000000000        6.083000000000000        8.586000000000000         O
        5.874000000000000        5.840000000000000        7.707000000000000         H
        5.111000000000000        5.301000000000000        8.850000000000000         H
       10.100000000000000        2.208000000000000        6.026000000000000         O
        9.190000000000000        1.996000000000000        6.330000000000000         H
        9.928000000000001        1.699000000000000        5.218000000000000         H
        7.094000000000000       12.932000000000000        6.743000000000000         O
        7.568000000000000       12.164000000000000        7.116000000000000         H
        6.270000000000000       12.553000000000001        6.491000000000000         H
        8.920000000000000        9.397000000000000        4.111000000000000         O
        8.624000000000001        8.888000000000000        4.869000000000000         H
        9.881000000000000        9.263000000000000        4.017000000000000         H
