#! FIELDS time dd
 0.000000 2.770553
 0.100000 2.627751
 0.200000 2.682905
 0.300000 2.669278
 0.400000 2.774203
 0.500000 2.758350
 0.600000 2.705148
 0.700000 2.937595
 0.800000 2.805003
 0.900000 2.634882
 1.000000 2.623051
 1.100000 2.605608
 1.200000 2.753216
 1.300000 2.505619
 1.400000 2.729064
 1.500000 2.703020
 1.600000 2.785876
 1.700000 2.578806
 1.800000 2.563445
 1.900000 2.586898
 2.000000 2.480618
 2.100000 2.755706
 2.200000 2.533450
 2.300000 2.926062
 2.400000 2.949620
 2.500000 2.749889
 2.600000 2.669205
 2.700000 2.579732
 2.800000 2.698312
 2.900000 2.592694
 3.000000 2.562025
 3.100000 2.734565
 3.200000 2.480199
 3.300000 2.500421
 3.400000 2.627363
 3.500000 2.674393
 3.600000 2.501717
 3.700000 2.816005
 3.800000 2.726555
 3.900000 2.713704
 4.000000 2.590920
 4.100000 2.730457
 4.200000 2.755238
 4.300000 2.672266
 4.400000 2.835776
 4.500000 2.725949
 4.600000 2.700875
 4.700000 2.479228
 4.800000 2.855976
 4.900000 2.719217
 5.000000 2.694489
 5.100000 2.529016
 5.200000 2.762905
 5.300000 2.734640
 5.400000 2.455526
 5.500000 2.578376
 5.600000 2.803545
 5.700000 2.896951
 5.800000 2.661859
 5.900000 2.792557
 6.000000 2.657738
 6.100000 2.773076
 6.200000 2.853992
 6.300000 2.637472
 6.400000 2.707323
 6.500000 2.634313
 6.600000 2.606830
 6.700000 2.709756
 6.800000 2.734294
 6.900000 2.771295
 7.000000 2.658067
 7.100000 2.629807
 7.200000 2.816698
 7.300000 2.740474
 7.400000 2.697047
 7.500000 2.556217
 7.600000 2.743817
 7.700000 2.881016
 7.800000 2.628321
 7.900000 2.816695
 8.000000 2.650078
 8.100000 2.823582
 8.200000 2.641295
 8.300000 2.592967
 8.400000 2.819609
 8.500000 2.670485
 8.600000 2.619911
 8.700000 2.807258
 8.800000 2.733103
 8.900000 2.693915
 9.000000 2.414397
 9.100000 2.736720
 9.200000 2.766098
 9.300000 2.607213
 9.400000 2.464865
 9.500000 2.633328
 9.600000 2.738390
 9.700000 2.726715
 9.800000 2.447756
 9.900000 2.729758
 10.000000 2.708351
 10.100000 2.579417
 10.200000 2.559465
 10.300000 2.656283
 10.400000 2.720144
 10.500000 2.677012
 10.600000 2.620671
 10.700000 2.919525
 10.800000 2.854962
 10.900000 2.707137
 11.000000 2.731921
 11.100000 2.872767
 11.200000 2.557750
 11.300000 2.913136
 11.400000 2.946813
 11.500000 2.958648
 11.600000 2.901559
 11.700000 2.993740
 11.800000 2.770444
 11.900000 2.671076
 12.000000 2.788430
 12.100000 2.666616
 12.200000 2.835049
 12.300000 2.778973
 12.400000 2.780728
 12.500000 2.640772
 12.600000 2.606438
 12.700000 2.655504
 12.800000 2.517219
 12.900000 2.591072
 13.000000 2.708197
 13.100000 2.745561
 13.200000 2.732122
 13.300000 2.509176
 13.400000 2.706055
 13.500000 2.660350
 13.600000 2.728535
 13.700000 2.792884
 13.800000 2.585082
 13.900000 2.715644
 14.000000 2.628910
 14.100000 2.756009
 14.200000 2.625944
 14.300000 2.670629
 14.400000 2.492497
 14.500000 2.704708
 14.600000 2.714189
 14.700000 2.784602
 14.800000 2.835847
 14.900000 2.572127
 15.000000 2.586956
 15.100000 2.640126
 15.200000 2.564143
 15.300000 2.589165
 15.400000 2.487924
 15.500000 2.724063
 15.600000 2.409698
 15.700000 2.681340
 15.800000 2.593398
 15.900000 2.655334
 16.000000 2.694389
 16.100000 2.629134
 16.200000 2.665639
 16.300000 3.064174
 16.400000 2.436001
 16.500000 2.947238
 16.600000 2.821688
 16.700000 2.682745
 16.800000 2.741639
 16.900000 2.584119
 17.000000 2.631536
 17.100000 2.899973
 17.200000 2.843606
 17.300000 2.673732
 17.400000 2.839728
 17.500000 2.865193
 17.600000 2.749414
 17.700000 2.584224
 17.800000 2.630517
 17.900000 2.824701
 18.000000 2.780543
 18.100000 2.718804
 18.200000 2.645179
 18.300000 2.722060
 18.400000 2.701300
 18.500000 2.570785
 18.600000 2.898160
 18.700000 2.627711
 18.800000 2.731941
 18.900000 2.541659
 19.000000 2.741996
 19.100000 2.718105
 19.200000 2.655763
 19.300000 2.495219
 19.400000 2.625802
 19.500000 2.752611
 19.600000 2.761113
 19.700000 2.620342
 19.800000 2.710128
 19.900000 2.683950
 20.000000 2.765661
 20.100000 2.617037
 20.200000 2.664277
 20.300000 2.722220
 20.400000 2.545454
 20.500000 2.826198
 20.600000 2.813042
 20.700000 2.593189
 20.800000 2.616989
 20.900000 2.480460
 21.000000 2.703762
 21.100000 2.812872
 21.200000 2.653489
 21.300000 2.572955
 21.400000 2.777913
 21.500000 2.454360
 21.600000 2.625056
 21.700000 2.685465
 21.800000 2.801049
 21.900000 2.739656
 22.000000 2.669884
 22.100000 2.864236
 22.200000 2.566100
 22.300000 2.784006
 22.400000 2.441814
 22.500000 2.736477
 22.600000 2.857062
 22.700000 2.866852
 22.800000 2.931838
 22.900000 2.774390
 23.000000 2.651667
 23.100000 2.794338
 23.200000 2.642124
 23.300000 2.642461
 23.400000 2.720210
 23.500000 2.690052
 23.600000 2.755270
 23.700000 2.540066
 23.800000 2.713380
 23.900000 2.722210
 24.000000 2.818481
 24.100000 2.598083
 24.200000 2.602924
 24.300000 2.811674
 24.400000 2.794311
 24.500000 2.718375
 24.600000 2.998819
 24.700000 2.788618
 24.800000 2.800146
 24.900000 2.614848
 25.000000 2.770839
 25.100000 2.531184
 25.200000 2.763554
 25.300000 2.671738
 25.400000 2.720924
 25.500000 2.834559
 25.600000 2.819277
 25.700000 2.654250
 25.800000 2.658916
 25.900000 2.617574
 26.000000 2.711770
 26.100000 2.513063
 26.200000 2.709551
 26.300000 2.813967
 26.400000 2.675420
 26.500000 2.617590
 26.600000 2.654419
 26.700000 2.504572
 26.800000 2.541986
 26.900000 2.770990
 27.000000 2.693948
 27.100000 2.775559
 27.200000 2.784256
 27.300000 2.706657
 27.400000 2.685764
 27.500000 2.711300
 27.600000 2.757101
 27.700000 2.935303
 27.800000 2.687466
 27.900000 2.900465
 28.000000 2.695065
 28.100000 2.790436
 28.200000 2.637490
 28.300000 2.612083
 28.400000 2.679747
 28.500000 2.805275
 28.600000 2.626019
 28.700000 2.756334
 28.800000 2.612205
 28.900000 2.572796
 29.000000 2.655413
 29.100000 2.691604
 29.200000 2.687505
 29.300000 2.702486
 29.400000 2.593874
 29.500000 2.835425
 29.600000 2.723239
 29.700000 2.996209
 29.800000 2.697903
 29.900000 2.731453
 30.000000 2.844164
 30.100000 2.693253
 30.200000 2.853302
 30.300000 2.702798
 30.400000 2.815591
 30.500000 2.640056
 30.600000 2.586402
 30.700000 2.711184
 30.800000 2.715530
 30.900000 2.690837
 31.000000 2.556548
 31.100000 2.858676
 31.200000 2.901540
 31.300000 2.879586
 31.400000 2.612571
 31.500000 2.750876
 31.600000 2.755851
 31.700000 2.813845
 31.800000 2.669823
 31.900000 2.719657
 32.000000 2.873973
 32.100000 2.916278
 32.200000 2.609941
 32.300000 2.547672
 32.400000 2.558631
 32.500000 2.682705
 32.600000 2.631413
 32.700000 2.715749
 32.800000 2.779536
 32.900000 2.571378
 33.000000 2.520775
 33.100000 2.710205
 33.200000 2.742603
 33.300000 2.534464
 33.400000 2.756388
 33.500000 2.620180
 33.600000 2.598905
 33.700000 2.785454
 33.800000 2.513619
 33.900000 2.726461
 34.000000 2.716083
 34.100000 2.561044
 34.200000 2.571513
 34.300000 2.588544
 34.400000 2.548446
 34.500000 2.718535
 34.600000 2.664625
 34.700000 2.630034
 34.800000 2.675398
 34.900000 2.724781
 35.000000 2.558276
 35.100000 2.548517
 35.200000 2.528539
 35.300000 2.739727
 35.400000 2.766475
 35.500000 2.512990
 35.600000 2.736873
 35.700000 2.523328
 35.800000 2.559467
 35.900000 2.764331
 36.000000 2.584186
 36.100000 2.682990
 36.200000 2.534189
 36.300000 2.732681
 36.400000 2.659877
 36.500000 2.640832
 36.600000 2.686263
 36.700000 2.763076
 36.800000 2.747250
 36.900000 2.711931
 37.000000 2.910469
 37.100000 2.841056
 37.200000 2.614115
 37.300000 2.603887
 37.400000 2.618781
 37.500000 2.778717
 37.600000 2.666027
 37.700000 2.610595
 37.800000 2.619535
 37.900000 2.648212
 38.000000 2.661270
 38.100000 2.643389
 38.200000 2.753311
 38.300000 2.552701
 38.400000 2.755539
 38.500000 2.583177
 38.600000 2.891683
 38.700000 2.574671
 38.800000 2.715546
 38.900000 2.571078
 39.000000 2.752254
 39.100000 2.957608
 39.200000 2.645627
 39.300000 2.666026
 39.400000 2.735367
 39.500000 2.746960
 39.600000 2.823575
 39.700000 2.975981
 39.800000 2.670414
 39.900000 2.596720
 40.000000 2.748080
 40.100000 2.600807
 40.200000 2.627942
 40.300000 2.662465
 40.400000 2.688305
 40.500000 2.794424
 40.600000 2.755221
 40.700000 2.767004
 40.800000 2.609860
 40.900000 2.829584
 41.000000 2.786429
 41.100000 2.603602
 41.200000 2.755133
 41.300000 2.666059
 41.400000 2.952740
 41.500000 2.683235
 41.600000 2.507841
 41.700000 2.677040
 41.800000 2.625705
 41.900000 2.840335
 42.000000 2.614434
 42.100000 2.736255
 42.200000 2.770986
 42.300000 2.631815
 42.400000 2.705854
 42.500000 2.531611
 42.600000 2.719294
 42.700000 2.736097
 42.800000 2.620664
 42.900000 2.819736
 43.000000 2.767397
 43.100000 2.740587
 43.200000 2.638946
 43.300000 2.617400
 43.400000 2.835498
 43.500000 2.834185
 43.600000 2.649075
 43.700000 2.587582
 43.800000 2.689301
 43.900000 2.654458
 44.000000 2.712661
 44.100000 2.704320
 44.200000 2.830485
 44.300000 2.658610
 44.400000 2.641760
 44.500000 2.663085
 44.600000 2.625381
 44.700000 2.674403
 44.800000 2.675106
 44.900000 2.557536
 45.000000 2.809805
 45.100000 2.670098
 45.200000 2.727584
 45.300000 2.661706
 45.400000 2.789787
 45.500000 2.599667
 45.600000 2.624905
 45.700000 2.550357
 45.800000 2.668772
 45.900000 2.724669
 46.000000 2.666291
 46.100000 2.732001
 46.200000 2.881457
 46.300000 2.657857
 46.400000 2.718131
 46.500000 2.667906
 46.600000 2.790334
 46.700000 2.646070
 46.800000 2.633366
 46.900000 2.665107
 47.000000 2.603758
 47.100000 2.845607
 47.200000 2.629049
 47.300000 2.917488
 47.400000 2.722457
 47.500000 2.628029
 47.600000 2.652644
 47.700000 2.627189
 47.800000 2.784059
 47.900000 2.647381
 48.000000 2.710410
 48.100000 2.553855
 48.200000 2.418349
 48.300000 2.797628
 48.400000 2.576011
 48.500000 2.916643
 48.600000 2.644834
 48.700000 2.673886
 48.800000 2.909028
 48.900000 2.765758
 49.000000 2.810841
 49.100000 2.903470
 49.200000 2.634105
 49.300000 2.639277
 49.400000 2.569143
 49.500000 2.486922
 49.600000 2.695744
 49.700000 2.492334
 49.800000 2.659260
 49.900000 2.623320
 50.000000 2.710745
 50.100000 2.580550
 50.200000 2.753422
 50.300000 2.927205
 50.400000 2.931034
 50.500000 2.570631
 50.600000 2.678736
 50.700000 2.763365
 50.800000 2.783681
 50.900000 2.707946
 51.000000 2.782058
 51.100000 2.733410
 51.200000 2.682238
 51.300000 2.762001
 51.400000 2.636318
 51.500000 2.577634
 51.600000 2.824331
 51.700000 2.670197
 51.800000 2.715595
 51.900000 2.617056
 52.000000 2.881346
 52.100000 2.707433
 52.200000 2.647785
 52.300000 2.741027
 52.400000 2.667265
 52.500000 2.750633
 52.600000 2.701886
 52.700000 2.729394
 52.800000 2.796960
 52.900000 2.788483
 53.000000 2.637329
 53.100000 2.786498
 53.200000 2.724314
 53.300000 2.949440
 53.400000 2.842327
 53.500000 2.453334
 53.600000 2.672643
 53.700000 2.825944
 53.800000 2.692410
 53.900000 2.748954
 54.000000 2.675232
 54.100000 2.716959
 54.200000 2.707277
 54.300000 2.660992
 54.400000 2.553048
 54.500000 3.039688
 54.600000 2.612624
 54.700000 2.745303
 54.800000 2.647192
 54.900000 2.852905
 55.000000 2.480003
 55.100000 2.750723
 55.200000 2.699266
 55.300000 2.749666
 55.400000 2.896355
 55.500000 2.680199
 55.600000 2.472605
 55.700000 2.610846
 55.800000 2.755149
 55.900000 2.726109
 56.000000 2.710790
 56.100000 2.490866
 56.200000 2.765257
 56.300000 2.765012
 56.400000 2.708999
 56.500000 2.527726
 56.600000 2.712547
 56.700000 2.710101
 56.800000 2.685474
 56.900000 2.598804
 57.000000 2.602867
 57.100000 2.777051
 57.200000 2.685054
 57.300000 2.678292
 57.400000 2.686722
 57.500000 2.513196
 57.600000 2.681612
 57.700000 2.579637
 57.800000 2.814450
 57.900000 2.676079
 58.000000 2.592505
 58.100000 2.756720
 58.200000 2.546399
 58.300000 2.661082
 58.400000 2.841752
 58.500000 2.676741
 58.600000 2.815654
 58.700000 2.618246
 58.800000 2.693986
 58.900000 2.690485
 59.000000 2.605288
 59.100000 2.840710
 59.200000 2.503492
 59.300000 2.775481
 59.400000 2.732372
 59.500000 2.682181
 59.600000 2.498514
 59.700000 2.675587
 59.800000 2.694413
 59.900000 2.684064
 60.000000 2.712044
 60.100000 2.535316
 60.200000 2.415998
 60.300000 2.869140
 60.400000 2.918367
 60.500000 2.794613
 60.600000 2.728739
 60.700000 2.746860
 60.800000 2.751852
 60.900000 2.862777
 61.000000 2.849927
 61.100000 2.760837
 61.200000 2.808715
 61.300000 2.777933
 61.400000 2.885007
 61.500000 2.703434
 61.600000 2.737526
 61.700000 2.693356
 61.800000 2.685511
 61.900000 2.730173
 62.000000 2.983945
 62.100000 2.599151
 62.200000 2.866408
 62.300000 2.780953
 62.400000 2.572301
 62.500000 2.618668
 62.600000 2.628611
 62.700000 2.618010
 62.800000 2.810032
 62.900000 2.653546
 63.000000 2.743277
 63.100000 2.750963
 63.200000 2.630982
 63.300000 2.661165
 63.400000 2.688081
 63.500000 2.731894
 63.600000 2.574779
 63.700000 2.889392
 63.800000 2.607009
 63.900000 2.667896
 64.000000 2.716020
 64.100000 2.623524
 64.200000 2.485836
 64.300000 2.638891
 64.400000 2.687770
 64.500000 2.728948
 64.600000 2.701600
 64.700000 2.742278
 64.800000 2.819628
 64.900000 2.749789
 65.000000 2.641490
 65.100000 2.726885
 65.200000 2.740766
 65.300000 2.653760
 65.400000 2.670896
 65.500000 2.643109
 65.600000 2.468992
 65.700000 2.864262
 65.800000 2.758130
 65.900000 2.828224
 66.000000 2.597120
 66.100000 2.535022
 66.200000 2.699910
 66.300000 2.504464
 66.400000 2.716638
 66.500000 2.706236
 66.600000 2.489543
 66.700000 2.584289
 66.800000 2.765759
 66.900000 2.854820
 67.000000 2.634165
 67.100000 2.805013
 67.200000 2.765656
 67.300000 2.534798
 67.400000 2.741538
 67.500000 2.612851
 67.600000 2.646174
 67.700000 2.550850
 67.800000 2.678211
 67.900000 2.918834
 68.000000 2.555611
 68.100000 2.685575
 68.200000 2.749931
 68.300000 2.838116
 68.400000 2.936160
 68.500000 2.750406
 68.600000 2.712365
 68.700000 2.680079
 68.800000 2.659342
 68.900000 2.516964
 69.000000 2.894143
 69.100000 2.938357
 69.200000 2.736517
 69.300000 2.695472
 69.400000 2.673192
 69.500000 2.744328
 69.600000 2.689513
 69.700000 2.587947
 69.800000 2.807679
 69.900000 2.748895
 70.000000 2.933178
 70.100000 2.929532
 70.200000 2.497476
 70.300000 2.774487
 70.400000 2.683602
 70.500000 2.661030
 70.600000 2.654118
 70.700000 2.714692
 70.800000 2.799557
 70.900000 2.639341
 71.000000 2.768306
 71.100000 2.837395
 71.200000 2.704044
 71.300000 2.641800
 71.400000 2.693871
 71.500000 2.733157
 71.600000 2.552949
 71.700000 2.649744
 71.800000 2.656423
 71.900000 2.926741
 72.000000 2.715927
 72.100000 2.739110
 72.200000 2.796995
 72.300000 2.510273
 72.400000 2.406615
 72.500000 2.636925
 72.600000 2.611655
 72.700000 2.488482
 72.800000 2.468921
 72.900000 2.732094
 73.000000 2.995016
 73.100000 2.485452
 73.200000 2.645212
 73.300000 2.562259
 73.400000 2.615268
 73.500000 2.508533
 73.600000 2.777761
 73.700000 2.570831
 73.800000 2.762270
 73.900000 2.590968
 74.000000 2.607042
 74.100000 2.527017
 74.200000 2.612298
 74.300000 2.832399
 74.400000 2.525351
 74.500000 2.626700
 74.600000 2.736773
 74.700000 2.700892
 74.800000 2.879264
 74.900000 2.589380
 75.000000 2.811544
 75.100000 2.758595
 75.200000 2.748767
 75.300000 2.557066
 75.400000 2.754983
 75.500000 2.604839
 75.600000 2.529336
 75.700000 2.689554
 75.800000 2.723726
 75.900000 2.673755
 76.000000 2.704485
 76.100000 2.485047
 76.200000 2.663461
 76.300000 2.737509
 76.400000 2.584440
 76.500000 2.716201
 76.600000 2.760238
 76.700000 2.729440
 76.800000 2.678053
 76.900000 2.605592
 77.000000 2.520668
 77.100000 2.764148
 77.200000 2.743401
 77.300000 2.612105
 77.400000 2.669482
 77.500000 2.689904
 77.600000 2.778587
 77.700000 2.643508
 77.800000 2.751542
 77.900000 2.789244
 78.000000 2.715176
 78.100000 2.717860
 78.200000 2.767163
 78.300000 2.729445
 78.400000 2.468429
 78.500000 2.800205
 78.600000 2.808732
 78.700000 2.713574
 78.800000 2.705433
 78.900000 2.662738
 79.000000 2.576689
 79.100000 2.808864
 79.200000 2.546653
 79.300000 2.611092
 79.400000 2.854883
 79.500000 2.574765
 79.600000 2.632223
 79.700000 2.823506
 79.800000 2.743439
 79.900000 2.556915
 80.000000 2.581951
 80.100000 2.572529
 80.200000 2.608439
 80.300000 2.680902
 80.400000 2.498679
 80.500000 2.864744
 80.600000 2.793548
 80.700000 2.655440
 80.800000 2.909908
 80.900000 2.670693
 81.000000 2.626574
 81.100000 2.680114
 81.200000 2.470368
 81.300000 2.701060
 81.400000 2.834663
 81.500000 2.713409
 81.600000 2.997637
 81.700000 2.675025
 81.800000 2.862156
 81.900000 2.762836
 82.000000 2.719948
 82.100000 2.742902
 82.200000 2.696452
 82.300000 2.725397
 82.400000 2.631524
 82.500000 2.861175
 82.600000 2.610547
 82.700000 2.670419
 82.800000 2.593930
 82.900000 2.700452
 83.000000 2.596622
 83.100000 2.701853
 83.200000 2.945369
 83.300000 2.803151
 83.400000 2.741018
 83.500000 2.667740
 83.600000 2.888760
 83.700000 2.657540
 83.800000 2.597596
 83.900000 2.725623
 84.000000 2.879285
 84.100000 2.480288
 84.200000 2.866968
 84.300000 2.842549
 84.400000 2.639351
 84.500000 2.730590
 84.600000 2.787341
 84.700000 2.505283
 84.800000 2.625996
 84.900000 2.572313
 85.000000 2.673506
 85.100000 2.621538
 85.200000 2.682796
 85.300000 2.766121
 85.400000 2.673913
 85.500000 2.725852
 85.600000 2.737609
 85.700000 2.627399
 85.800000 2.357035
 85.900000 2.806143
 86.000000 3.095360
 86.100000 2.745232
 86.200000 2.531021
 86.300000 2.567174
 86.400000 2.702708
 86.500000 2.737535
 86.600000 2.787168
 86.700000 2.797189
 86.800000 2.758608
 86.900000 2.547732
 87.000000 2.718668
 87.100000 2.978035
 87.200000 2.575563
 87.300000 2.709387
 87.400000 2.823990
 87.500000 2.903209
 87.600000 2.515212
 87.700000 2.935746
 87.800000 2.786801
 87.900000 2.699457
 88.000000 2.510801
 88.100000 2.756768
 88.200000 2.670016
 88.300000 2.517245
 88.400000 2.607528
 88.500000 2.781393
 88.600000 2.603271
 88.700000 2.363132
 88.800000 2.583580
 88.900000 2.475465
 89.000000 2.550322
 89.100000 2.563660
 89.200000 2.607555
 89.300000 2.616287
 89.400000 2.759417
 89.500000 2.791944
 89.600000 2.594344
 89.700000 2.721043
 89.800000 2.664050
 89.900000 2.687327
 90.000000 2.730839
 90.100000 2.606684
 90.200000 2.476748
 90.300000 2.556399
 90.400000 2.655292
 90.500000 2.461480
 90.600000 2.661600
 90.700000 2.555472
 90.800000 2.608502
 90.900000 3.029818
 91.000000 2.694247
 91.100000 2.637101
 91.200000 2.550337
 91.300000 2.624703
 91.400000 2.635148
 91.500000 2.754865
 91.600000 2.550101
 91.700000 2.801896
 91.800000 2.699315
 91.900000 2.767107
 92.000000 2.653413
 92.100000 2.667207
 92.200000 2.602585
 92.300000 2.554529
 92.400000 2.619319
 92.500000 2.521185
 92.600000 2.570226
 92.700000 3.044571
 92.800000 2.876512
 92.900000 2.533840
 93.000000 2.532691
 93.100000 2.584075
 93.200000 2.571391
 93.300000 2.711223
 93.400000 2.776305
 93.500000 2.722717
 93.600000 2.706283
 93.700000 2.651021
 93.800000 2.628902
 93.900000 2.662915
 94.000000 2.697863
 94.100000 2.644848
 94.200000 2.884282
 94.300000 2.551614
 94.400000 2.516482
 94.500000 2.608205
 94.600000 2.772498
 94.700000 2.670964
 94.800000 2.608104
 94.900000 2.764456
 95.000000 2.620742
 95.100000 2.650468
 95.200000 2.383159
 95.300000 2.577552
 95.400000 2.607133
 95.500000 2.599869
 95.600000 2.562774
 95.700000 2.802004
 95.800000 2.711915
 95.900000 2.787614
 96.000000 2.887282
 96.100000 2.772940
 96.200000 2.696006
 96.300000 2.906122
 96.400000 2.633362
 96.500000 2.714096
 96.600000 2.663900
 96.700000 2.733644
 96.800000 2.923435
 96.900000 2.623657
 97.000000 2.852877
 97.100000 2.765838
 97.200000 2.862307
 97.300000 2.796849
 97.400000 2.779668
 97.500000 2.520860
 97.600000 2.895998
 97.700000 2.942650
 97.800000 2.604249
 97.900000 2.694247
 98.000000 2.649968
 98.100000 2.548826
 98.200000 2.545519
 98.300000 2.821934
 98.400000 2.864550
 98.500000 2.459730
 98.600000 2.594977
 98.700000 2.734161
 98.800000 2.663358
 98.900000 2.628622
 99.000000 2.594561
 99.100000 2.626603
 99.200000 2.628257
 99.300000 2.735755
 99.400000 2.575082
 99.500000 2.728971
 99.600000 2.556429
 99.700000 2.821021
 99.800000 2.779328
 99.900000 2.636491
 100.000000 2.666380
 100.100000 2.785405
 100.200000 2.720079
 100.300000 2.628037
 100.400000 2.768607
 100.500000 2.695016
 100.600000 2.792585
 100.700000 2.770780
 100.800000 2.647641
 100.900000 2.610896
 101.000000 2.637442
 101.100000 2.748907
 101.200000 2.665334
 101.300000 2.592426
 101.400000 2.787122
 101.500000 2.833925
 101.600000 2.958132
 101.700000 2.683841
 101.800000 2.747900
 101.900000 2.743448
 102.000000 2.659219
 102.100000 2.580012
 102.200000 2.703484
 102.300000 2.634073
 102.400000 2.660082
 102.500000 2.758100
 102.600000 2.741093
 102.700000 2.782374
 102.800000 2.740816
 102.900000 2.640877
 103.000000 2.749925
 103.100000 2.806653
 103.200000 2.615366
 103.300000 2.830750
 103.400000 2.672125
 103.500000 2.746632
 103.600000 2.798963
 103.700000 2.738308
 103.800000 2.635773
 103.900000 2.594377
 104.000000 2.665869
 104.100000 2.692051
 104.200000 2.573007
 104.300000 2.617685
 104.400000 2.631178
 104.500000 2.422852
 104.600000 2.591325
 104.700000 2.672885
 104.800000 2.596655
 104.900000 2.705166
 105.000000 2.687787
 105.100000 2.651752
 105.200000 2.679610
 105.300000 2.674765
 105.400000 2.670214
 105.500000 2.639068
 105.600000 2.658090
 105.700000 2.670724
 105.800000 2.733650
 105.900000 2.760826
 106.000000 2.674012
 106.100000 2.727362
 106.200000 2.636596
 106.300000 2.760111
 106.400000 2.508779
 106.500000 2.661507
 106.600000 2.829695
 106.700000 2.731920
 106.800000 2.528603
 106.900000 2.569582
 107.000000 2.649187
 107.100000 2.680652
 107.200000 2.810963
 107.300000 2.635208
 107.400000 2.792939
 107.500000 2.915161
 107.600000 2.711979
 107.700000 2.718360
 107.800000 2.839490
 107.900000 2.692104
 108.000000 2.648997
 108.100000 2.987663
 108.200000 2.493047
 108.300000 2.608840
 108.400000 2.675568
 108.500000 2.846668
 108.600000 2.777481
 108.700000 2.847389
 108.800000 2.558692
 108.900000 2.713313
 109.000000 2.616138
 109.100000 2.629478
 109.200000 2.458353
 109.300000 2.609893
 109.400000 2.756319
 109.500000 2.684466
 109.600000 3.074009
 109.700000 2.791996
 109.800000 2.814135
 109.900000 2.854910
 110.000000 2.546471
 110.100000 2.694395
 110.200000 2.619476
 110.300000 2.816701
 110.400000 2.693243
 110.500000 2.790022
 110.600000 2.713483
 110.700000 2.628493
 110.800000 2.678901
 110.900000 2.850473
 111.000000 2.865533
 111.100000 2.856361
 111.200000 2.852905
 111.300000 2.719149
 111.400000 2.509288
 111.500000 2.774959
 111.600000 2.754327
 111.700000 2.746862
 111.800000 2.644960
 111.900000 2.746667
 112.000000 2.719507
 112.100000 2.614369
 112.200000 2.723822
 112.300000 2.847097
 112.400000 2.829651
 112.500000 2.553539
 112.600000 2.722301
 112.700000 2.632811
 112.800000 2.667807
 112.900000 2.784619
 113.000000 2.603586
 113.100000 2.847914
 113.200000 2.862561
 113.300000 2.643780
 113.400000 2.798192
 113.500000 2.837046
 113.600000 2.831912
 113.700000 2.942447
 113.800000 2.553991
 113.900000 2.781145
 114.000000 2.741338
 114.100000 2.515150
 114.200000 2.712343
 114.300000 2.454386
 114.400000 2.632351
 114.500000 2.505950
 114.600000 2.533090
 114.700000 2.679063
 114.800000 2.753588
 114.900000 2.690973
 115.000000 2.627679
 115.100000 2.644872
 115.200000 2.711279
 115.300000 2.748978
 115.400000 2.623582
 115.500000 2.668198
 115.600000 2.759643
 115.700000 2.844203
 115.800000 2.632802
 115.900000 2.473817
 116.000000 2.715091
 116.100000 2.644123
 116.200000 2.780483
 116.300000 2.722493
 116.400000 2.483619
 116.500000 2.554931
 116.600000 2.710687
 116.700000 2.855901
 116.800000 2.914121
 116.900000 2.651341
 117.000000 2.736501
 117.100000 2.779913
 117.200000 2.672852
 117.300000 2.691405
 117.400000 2.734305
 117.500000 2.589466
 117.600000 2.644519
 117.700000 2.624805
 117.800000 2.696021
 117.900000 2.749042
 118.000000 2.676465
 118.100000 2.837748
 118.200000 2.560004
 118.300000 2.654272
 118.400000 2.766543
 118.500000 2.683525
 118.600000 2.741606
 118.700000 2.790367
 118.800000 2.652367
 118.900000 2.721732
 119.000000 2.800167
 119.100000 2.773013
 119.200000 2.609896
 119.300000 2.612006
 119.400000 2.642783
 119.500000 2.650511
 119.600000 2.747164
 119.700000 2.790127
 119.800000 2.740395
 119.900000 2.945688
 120.000000 2.825727
 120.100000 2.572515
 120.200000 2.753245
 120.300000 2.694171
 120.400000 2.701362
 120.500000 2.670797
 120.600000 2.581625
 120.700000 2.693059
 120.800000 2.641432
 120.900000 2.708271
 121.000000 2.599130
 121.100000 2.498185
 121.200000 2.733241
 121.300000 2.678040
 121.400000 2.645562
 121.500000 2.750838
 121.600000 2.695373
 121.700000 2.659311
 121.800000 2.672127
 121.900000 2.668215
 122.000000 2.583339
 122.100000 2.764484
 122.200000 2.515617
 122.300000 2.386365
 122.400000 2.474227
 122.500000 2.763333
 122.600000 2.554269
 122.700000 2.725406
 122.800000 2.660173
 122.900000 2.557425
 123.000000 2.820814
 123.100000 2.668274
 123.200000 2.623674
 123.300000 2.875405
 123.400000 2.701236
 123.500000 2.761614
 123.600000 2.695455
 123.700000 2.668489
 123.800000 2.720719
 123.900000 2.776685
 124.000000 2.543549
 124.100000 2.735660
 124.200000 2.729234
 124.300000 2.810965
 124.400000 2.819795
 124.500000 2.665215
 124.600000 2.817953
 124.700000 2.817650
 124.800000 2.951290
 124.900000 2.759071
 125.000000 2.755956
 125.100000 2.651263
 125.200000 2.736273
 125.300000 2.724258
 125.400000 2.637940
 125.500000 2.526839
 125.600000 2.746375
 125.700000 2.783161
 125.800000 2.687450
 125.900000 2.821236
 126.000000 2.776683
 126.100000 2.937145
 126.200000 2.554908
 126.300000 2.591483
 126.400000 2.761326
 126.500000 2.755373
 126.600000 2.802522
 126.700000 2.857832
 126.800000 2.686437
 126.900000 2.631506
 127.000000 2.671303
 127.100000 2.680905
 127.200000 2.730303
 127.300000 2.808321
 127.400000 2.784261
 127.500000 2.838203
 127.600000 2.605796
 127.700000 2.652951
 127.800000 2.724889
 127.900000 2.595773
 128.000000 2.655193
 128.100000 2.630310
 128.200000 2.588130
 128.300000 2.656974
 128.400000 2.923908
 128.500000 2.646077
 128.600000 2.481333
 128.700000 2.711236
 128.800000 2.581214
 128.900000 2.562590
 129.000000 2.960347
 129.100000 3.005350
 129.200000 2.785446
 129.300000 2.680166
 129.400000 2.630931
 129.500000 2.617200
 129.600000 2.666746
 129.700000 2.698756
 129.800000 2.638320
 129.900000 2.830063
 130.000000 2.607720
 130.100000 2.583170
 130.200000 2.861803
 130.300000 2.778154
 130.400000 2.565158
 130.500000 2.683322
 130.600000 2.519422
 130.700000 2.561691
 130.800000 2.557585
 130.900000 2.794822
 131.000000 2.601022
 131.100000 2.785086
 131.200000 2.745948
 131.300000 2.508386
 131.400000 2.711772
 131.500000 2.644227
 131.600000 2.930930
 131.700000 2.494237
 131.800000 2.816058
 131.900000 2.728036
 132.000000 2.951896
 132.100000 2.835559
 132.200000 2.579749
 132.300000 2.693627
 132.400000 2.828629
 132.500000 2.915517
 132.600000 2.758037
 132.700000 2.786636
 132.800000 2.859125
 132.900000 2.574507
 133.000000 2.460055
 133.100000 2.657911
 133.200000 2.467235
 133.300000 2.826111
 133.400000 2.586936
 133.500000 2.748041
 133.600000 2.566786
 133.700000 2.784873
 133.800000 2.799391
 133.900000 2.666431
 134.000000 2.524556
 134.100000 2.627924
 134.200000 2.686621
 134.300000 2.858780
 134.400000 2.831409
 134.500000 2.620589
 134.600000 2.789801
 134.700000 2.786643
 134.800000 2.623935
 134.900000 2.594145
 135.000000 2.697023
 135.100000 2.817224
 135.200000 2.757072
 135.300000 2.836224
 135.400000 2.788508
 135.500000 2.671557
 135.600000 2.811358
 135.700000 2.799395
 135.800000 3.090612
 135.900000 2.733962
 136.000000 2.682046
 136.100000 2.655928
 136.200000 2.792281
 136.300000 2.831132
 136.400000 2.849314
 136.500000 2.764812
 136.600000 2.792919
 136.700000 2.507096
 136.800000 2.981585
 136.900000 2.483553
 137.000000 2.751914
 137.100000 2.577903
 137.200000 2.885150
 137.300000 2.643927
 137.400000 2.811487
 137.500000 2.603486
 137.600000 2.775862
 137.700000 2.410226
 137.800000 2.786189
 137.900000 2.856661
 138.000000 2.774665
 138.100000 2.783258
 138.200000 2.878090
 138.300000 2.695829
 138.400000 2.695180
 138.500000 2.682580
 138.600000 2.668231
 138.700000 2.746867
 138.800000 2.682492
 138.900000 2.702306
 139.000000 2.508757
 139.100000 2.589264
 139.200000 2.799874
 139.300000 2.739970
 139.400000 2.873864
 139.500000 2.466361
 139.600000 2.713055
 139.700000 2.878603
 139.800000 2.903524
 139.900000 2.588742
 140.000000 2.676149
 140.100000 2.748870
 140.200000 2.735123
 140.300000 2.635077
 140.400000 3.007354
 140.500000 2.600844
 140.600000 2.702817
 140.700000 2.725170
 140.800000 2.651214
 140.900000 2.684334
 141.000000 2.658040
 141.100000 2.605545
 141.200000 2.995540
 141.300000 2.720034
 141.400000 2.579953
 141.500000 2.788854
 141.600000 2.749197
 141.700000 2.638890
 141.800000 2.655695
 141.900000 2.761752
 142.000000 2.666637
 142.100000 2.598103
 142.200000 2.770831
 142.300000 2.954835
 142.400000 2.665463
 142.500000 2.479627
 142.600000 2.653402
 142.700000 2.515158
 142.800000 2.524672
 142.900000 2.956106
 143.000000 3.067055
 143.100000 2.701551
 143.200000 2.695722
 143.300000 2.762664
 143.400000 2.902957
 143.500000 2.819316
 143.600000 2.668840
 143.700000 2.740128
 143.800000 2.806523
 143.900000 2.560490
 144.000000 2.747535
 144.100000 2.520704
 144.200000 2.671337
 144.300000 2.732296
 144.400000 2.491586
 144.500000 2.681025
 144.600000 2.548112
 144.700000 2.911853
 144.800000 2.920232
 144.900000 2.634767
 145.000000 2.706002
 145.100000 2.749401
 145.200000 2.644603
 145.300000 3.040030
 145.400000 2.794054
 145.500000 2.548824
 145.600000 2.704659
 145.700000 2.602519
 145.800000 2.722619
 145.900000 2.749115
 146.000000 2.666977
 146.100000 2.846446
 146.200000 2.843600
 146.300000 2.594929
 146.400000 2.806894
 146.500000 2.637406
 146.600000 2.827427
 146.700000 2.792497
 146.800000 2.745744
 146.900000 2.761318
 147.000000 2.790852
 147.100000 2.776391
 147.200000 2.665334
 147.300000 2.941196
 147.400000 2.637481
 147.500000 2.946199
 147.600000 3.008342
 147.700000 2.542734
 147.800000 2.643349
 147.900000 2.475011
 148.000000 2.801355
 148.100000 2.781384
 148.200000 2.768704
 148.300000 2.806897
 148.400000 2.558611
 148.500000 2.696642
 148.600000 2.747063
 148.700000 2.593183
 148.800000 2.670689
 148.900000 2.625360
 149.000000 2.785312
 149.100000 2.762174
 149.200000 2.524503
 149.300000 2.602772
 149.400000 2.632432
 149.500000 2.692285
 149.600000 2.840701
 149.700000 2.624004
 149.800000 2.964956
 149.900000 2.799438
 150.000000 2.947240
 150.100000 2.712982
 150.200000 2.537930
 150.300000 2.915249
 150.400000 2.839252
 150.500000 2.546281
 150.600000 2.739987
 150.700000 2.580329
 150.800000 2.715976
 150.900000 2.861488
 151.000000 2.775893
 151.100000 2.560387
 151.200000 2.876538
 151.300000 2.679061
 151.400000 2.647982
 151.500000 2.862410
 151.600000 2.632007
 151.700000 2.576850
 151.800000 2.649139
 151.900000 2.517235
 152.000000 2.611783
 152.100000 2.505705
 152.200000 2.536046
 152.300000 2.786840
 152.400000 2.603323
 152.500000 2.770799
 152.600000 2.687349
 152.700000 2.744298
 152.800000 2.730602
 152.900000 2.467153
 153.000000 2.527644
 153.100000 2.506034
 153.200000 2.889514
 153.300000 2.732048
 153.400000 2.617706
 153.500000 2.545238
 153.600000 2.637016
 153.700000 2.605332
 153.800000 2.756130
 153.900000 2.362188
 154.000000 2.568868
 154.100000 2.727123
 154.200000 2.573714
 154.300000 2.535774
 154.400000 2.494439
 154.500000 2.703800
 154.600000 2.683219
 154.700000 2.709383
 154.800000 2.746721
 154.900000 2.611244
 155.000000 2.945562
 155.100000 2.840836
 155.200000 2.679809
 155.300000 2.610129
 155.400000 2.556586
 155.500000 2.629249
 155.600000 2.723936
 155.700000 2.700286
 155.800000 2.786724
 155.900000 2.611126
 156.000000 2.612950
 156.100000 2.883178
 156.200000 2.616719
 156.300000 2.617419
 156.400000 2.823520
 156.500000 2.851185
 156.600000 2.725217
 156.700000 2.692080
 156.800000 2.554857
 156.900000 2.700456
 157.000000 2.790374
 157.100000 2.639390
 157.200000 2.678474
 157.300000 2.734262
 157.400000 2.600501
 157.500000 2.735815
 157.600000 2.547814
 157.700000 2.612766
 157.800000 2.555991
 157.900000 2.567820
 158.000000 2.663420
 158.100000 2.677585
 158.200000 2.593150
 158.300000 2.735267
 158.400000 2.770683
 158.500000 2.645650
 158.600000 2.796613
 158.700000 3.010275
 158.800000 2.985711
 158.900000 2.598803
 159.000000 2.748947
 159.100000 2.658175
 159.200000 2.884530
 159.300000 2.855685
 159.400000 2.578015
 159.500000 2.527755
 159.600000 2.985673
 159.700000 3.014030
 159.800000 2.919962
 159.900000 2.751239
 160.000000 2.585526
 160.100000 2.919229
 160.200000 2.821027
 160.300000 2.951748
 160.400000 2.802739
 160.500000 2.758552
 160.600000 2.744059
 160.700000 2.747987
 160.800000 2.736668
 160.900000 2.794799
 161.000000 2.606049
 161.100000 2.860157
 161.200000 2.928626
 161.300000 2.768938
 161.400000 2.803402
 161.500000 2.686714
 161.600000 2.643183
 161.700000 2.710543
 161.800000 2.828590
 161.900000 2.714276
 162.000000 2.658893
 162.100000 2.562519
 162.200000 2.551393
 162.300000 2.776387
 162.400000 2.678098
 162.500000 2.679250
 162.600000 2.594561
 162.700000 2.860271
 162.800000 2.600399
 162.900000 2.626233
 163.000000 2.650712
 163.100000 2.627143
 163.200000 2.651118
 163.300000 2.757712
 163.400000 2.714886
 163.500000 2.662453
 163.600000 2.756480
 163.700000 2.661491
 163.800000 2.755657
 163.900000 2.975130
 164.000000 3.114201
 164.100000 2.974247
 164.200000 2.758197
 164.300000 2.869595
 164.400000 2.666259
 164.500000 2.907137
 164.600000 2.851057
 164.700000 3.035347
 164.800000 2.741072
 164.900000 2.854994
 165.000000 2.554092
 165.100000 2.690838
 165.200000 2.638496
 165.300000 2.526567
 165.400000 2.749336
 165.500000 2.559912
 165.600000 2.658214
 165.700000 2.582986
 165.800000 2.657609
 165.900000 2.742853
 166.000000 2.726275
 166.100000 2.761501
 166.200000 2.630569
 166.300000 2.450873
 166.400000 2.829696
 166.500000 2.944724
 166.600000 2.678147
 166.700000 2.665679
 166.800000 2.726352
 166.900000 2.779703
 167.000000 2.813785
 167.100000 2.715356
 167.200000 2.591641
 167.300000 2.942739
 167.400000 2.821526
 167.500000 2.672356
 167.600000 2.717731
 167.700000 2.751581
 167.800000 2.715877
 167.900000 2.555581
 168.000000 2.593453
 168.100000 2.717547
 168.200000 2.804623
 168.300000 2.707966
 168.400000 2.708037
 168.500000 2.694839
 168.600000 2.546375
 168.700000 2.623557
 168.800000 2.700776
 168.900000 2.680337
 169.000000 2.696023
 169.100000 2.594988
 169.200000 2.900077
 169.300000 2.584858
 169.400000 2.661413
 169.500000 2.679852
 169.600000 2.620811
 169.700000 2.756133
 169.800000 2.520650
 169.900000 2.465460
 170.000000 2.654908
 170.100000 2.691558
 170.200000 2.699087
 170.300000 2.705296
 170.400000 2.819297
 170.500000 2.671635
 170.600000 2.683326
 170.700000 2.621945
 170.800000 2.485832
 170.900000 2.687573
 171.000000 2.736753
 171.100000 2.675427
 171.200000 2.593438
 171.300000 2.866374
 171.400000 2.547778
 171.500000 2.574019
 171.600000 2.662591
 171.700000 2.808268
 171.800000 2.630726
 171.900000 2.591720
 172.000000 2.731851
 172.100000 2.673086
 172.200000 2.590970
 172.300000 2.642486
 172.400000 2.736046
 172.500000 2.632471
 172.600000 2.903308
 172.700000 2.483682
 172.800000 2.744188
 172.900000 2.839022
 173.000000 2.581552
 173.100000 2.624100
 173.200000 2.514022
 173.300000 2.745315
 173.400000 2.577642
 173.500000 2.550196
 173.600000 2.779719
 173.700000 2.555912
 173.800000 2.732474
 173.900000 2.842355
 174.000000 2.649410
 174.100000 2.645753
 174.200000 2.754589
 174.300000 2.922733
 174.400000 2.493376
 174.500000 2.637160
 174.600000 2.704107
 174.700000 2.460852
 174.800000 2.626514
 174.900000 2.812388
 175.000000 2.657235
 175.100000 2.712890
 175.200000 2.602137
 175.300000 2.733628
 175.400000 2.661237
 175.500000 2.591680
 175.600000 2.960114
 175.700000 2.627119
 175.800000 2.703633
 175.900000 2.587680
 176.000000 2.558272
 176.100000 2.662674
 176.200000 2.732948
 176.300000 2.707870
 176.400000 2.630101
 176.500000 2.834812
 176.600000 2.626144
 176.700000 2.698029
 176.800000 2.518835
 176.900000 2.728344
 177.000000 2.639244
 177.100000 2.700140
 177.200000 2.789385
 177.300000 2.659622
 177.400000 2.519634
 177.500000 2.700635
 177.600000 2.672437
 177.700000 2.767832
 177.800000 2.567260
 177.900000 2.813095
 178.000000 2.473615
 178.100000 2.752484
 178.200000 2.651101
 178.300000 2.785916
 178.400000 2.605036
 178.500000 2.611061
 178.600000 2.812048
 178.700000 2.818158
 178.800000 2.626906
 178.900000 2.884175
 179.000000 2.923308
 179.100000 2.754597
 179.200000 2.738600
 179.300000 2.728476
 179.400000 2.678988
 179.500000 2.592162
 179.600000 2.805860
 179.700000 2.521439
 179.800000 2.594752
 179.900000 2.780995
 180.000000 2.675324
 180.100000 2.748306
 180.200000 2.579157
 180.300000 2.721255
 180.400000 2.550184
 180.500000 2.580861
 180.600000 2.893792
 180.700000 2.790367
 180.800000 2.635894
 180.900000 2.540660
 181.000000 2.788451
 181.100000 2.827674
 181.200000 2.604089
 181.300000 2.771743
 181.400000 2.634379
 181.500000 2.717974
 181.600000 2.560326
 181.700000 2.647539
 181.800000 2.885110
 181.900000 2.750064
 182.000000 2.449891
 182.100000 2.611490
 182.200000 2.535046
 182.300000 2.509170
 182.400000 2.725929
 182.500000 2.636850
 182.600000 2.595875
 182.700000 2.660261
 182.800000 2.696701
 182.900000 2.782562
 183.000000 2.611658
 183.100000 2.675934
 183.200000 2.750524
 183.300000 2.800540
 183.400000 2.822826
 183.500000 2.836592
 183.600000 2.782218
 183.700000 2.580735
 183.800000 2.586563
 183.900000 2.673495
 184.000000 2.907226
 184.100000 2.858372
 184.200000 2.663315
 184.300000 2.507923
 184.400000 2.735904
 184.500000 2.553225
 184.600000 2.605962
 184.700000 2.545003
 184.800000 2.502486
 184.900000 2.478734
 185.000000 2.581387
 185.100000 2.708133
 185.200000 2.777041
 185.300000 2.640509
 185.400000 2.596037
 185.500000 2.535262
 185.600000 2.693469
 185.700000 2.760578
 185.800000 2.938271
 185.900000 2.762742
 186.000000 2.551897
 186.100000 2.704267
 186.200000 2.514776
 186.300000 2.663025
 186.400000 2.530400
 186.500000 2.489354
 186.600000 2.666628
 186.700000 2.564402
 186.800000 2.649680
 186.900000 2.378991
 187.000000 2.588194
 187.100000 2.540784
 187.200000 2.701800
 187.300000 2.462654
 187.400000 2.632765
 187.500000 2.490613
 187.600000 2.695041
 187.700000 2.563020
 187.800000 2.655586
 187.900000 2.485328
 188.000000 2.499753
 188.100000 2.622734
 188.200000 2.592410
 188.300000 2.804652
 188.400000 2.727785
 188.500000 2.502654
 188.600000 2.730489
 188.700000 2.691425
 188.800000 2.509286
 188.900000 2.852253
 189.000000 2.522249
 189.100000 2.752320
 189.200000 2.594054
 189.300000 2.655570
 189.400000 2.640225
 189.500000 2.661972
 189.600000 2.661720
 189.700000 2.562841
 189.800000 2.797718
 189.900000 2.502244
 190.000000 2.647157
 190.100000 2.667104
 190.200000 2.717501
 190.300000 2.887983
 190.400000 2.631984
 190.500000 2.649531
 190.600000 2.699087
 190.700000 2.637745
 190.800000 2.550334
 190.900000 2.577596
 191.000000 2.668834
 191.100000 2.686887
 191.200000 2.713842
 191.300000 2.531801
 191.400000 2.531196
 191.500000 2.576810
 191.600000 2.703476
 191.700000 2.611220
 191.800000 2.457899
 191.900000 2.744482
 192.000000 2.899419
 192.100000 2.527809
 192.200000 2.549385
 192.300000 2.726554
 192.400000 2.646680
 192.500000 2.674928
 192.600000 2.590831
 192.700000 2.782800
 192.800000 2.582997
 192.900000 2.978750
 193.000000 2.534133
 193.100000 2.676503
 193.200000 2.706393
 193.300000 2.768676
 193.400000 2.622844
 193.500000 2.625451
 193.600000 2.645371
 193.700000 2.710478
 193.800000 2.528024
 193.900000 2.775451
 194.000000 2.555307
 194.100000 2.686862
 194.200000 2.759691
 194.300000 2.662881
 194.400000 2.554720
 194.500000 2.774967
 194.600000 2.608157
 194.700000 2.940096
 194.800000 2.681163
 194.900000 2.719179
 195.000000 2.735126
 195.100000 2.647492
 195.200000 2.697066
 195.300000 2.762912
 195.400000 2.615731
 195.500000 2.367469
 195.600000 2.742853
 195.700000 2.840945
 195.800000 2.674372
 195.900000 2.764831
 196.000000 2.728295
 196.100000 2.889841
 196.200000 2.687617
 196.300000 2.727610
 196.400000 2.740942
 196.500000 2.642916
 196.600000 2.706578
 196.700000 2.560139
 196.800000 2.664342
 196.900000 2.797342
 197.000000 2.700418
 197.100000 2.825192
 197.200000 2.617302
 197.300000 2.575046
 197.400000 2.734903
 197.500000 2.779280
 197.600000 2.630470
 197.700000 2.770530
 197.800000 2.844659
 197.900000 2.732127
 198.000000 2.510324
 198.100000 2.735686
 198.200000 2.797085
 198.300000 2.630769
 198.400000 2.792941
 198.500000 2.696369
 198.600000 2.583015
 198.700000 2.776333
 198.800000 2.809529
 198.900000 2.730528
 199.000000 2.638848
 199.100000 2.611937
 199.200000 2.799750
 199.300000 2.709741
 199.400000 2.576679
 199.500000 2.651074
 199.600000 2.672113
 199.700000 2.730794
 199.800000 2.610545
 199.900000 2.753880
 200.000000 2.613961
