           6
    15307587    15957556    14382540     4095579    12919202    12445179     3929970     9398376    10473201      199787    15496586    11826907      157196     1447699     4143866     9442291    10830183      112669    16218240     9836262     4305696     6519557     8610244      493920     3000115
       20000           1           1
  0.50000000000000000     
   20.000000000000000     
   3.1415926535897931     
   4355.6142965880208     
   1.0000000000000000        1.0000000000000000        1.0000000000000000     
   1.0000000000000000        1.0000000000000000        1.0000000000000000     
   1.0000000000000000        1.0000000000000000        1.0000000000000000     
   25.988384989978822        0.0000000000000000        0.0000000000000000     
   0.0000000000000000        25.988384989978822        0.0000000000000000     
   0.0000000000000000        0.0000000000000000        25.988384989978822     
           1
           3
           1
           1
   3.7933141524397187        15.426168951111110        17.957552761006113     
   4.8068010454715067        15.330711073408768        17.701628048690310     
   3.6136337906451481        14.672603338523002        18.557126491787461     
